size 15.75
atlas 512 256
metrics 17 5
subpixels 4
g 32 0 0 0 0 0 0 0 3.2344
g 32 1 0 0 0 0 0 0 3.2344
g 32 2 0 0 0 0 0 0 3.2344
g 32 3 0 0 0 0 0 0 3.2344
g 33 0 1 1 7 15 -1 -13 3.5781
g 33 1 9 1 7 15 -1 -13 3.5781
g 33 2 17 1 7 15 -1 -13 3.5781
g 33 3 25 1 7 15 -1 -13 3.5781
g 34 0 33 1 10 14 -1 -13 6.2656
g 34 1 44 1 10 14 -1 -13 6.2656
g 34 2 55 1 10 14 -1 -13 6.2656
g 34 3 66 1 10 14 -1 -13 6.2656
g 35 0 77 1 15 15 -1 -13 11.4062
g 35 1 93 1 15 15 -1 -13 11.4062
g 35 2 109 1 15 15 -1 -13 11.4062
g 35 3 125 1 15 15 -1 -13 11.4062
g 36 0 141 1 13 17 -1 -14 9.2969
g 36 1 155 1 13 17 -1 -14 9.2969
g 36 2 169 1 13 17 -1 -14 9.2969
g 36 3 183 1 13 17 -1 -14 9.2969
g 37 0 197 1 16 15 -1 -13 12.2188
g 37 1 214 1 16 15 -1 -13 12.2188
g 37 2 231 1 16 15 -1 -13 12.2188
g 37 3 248 1 16 15 -1 -13 12.2188
g 38 0 265 1 14 16 -1 -14 10.6094
g 38 1 280 1 14 16 -1 -14 10.6094
g 38 2 295 1 14 16 -1 -14 10.6094
g 38 3 310 1 14 16 -1 -14 10.6094
g 39 0 325 1 7 14 -1 -13 3.6562
g 39 1 333 1 7 14 -1 -13 3.6562
g 39 2 341 1 7 14 -1 -13 3.6562
g 39 3 349 1 7 14 -1 -13 3.6562
g 40 0 357 1 10 19 -1 -14 6.3750
g 40 1 368 1 10 19 -1 -14 6.3750
g 40 2 379 1 10 19 -1 -14 6.3750
g 40 3 390 1 10 19 -1 -14 6.3750
g 41 0 401 1 10 19 -1 -14 6.3750
g 41 1 412 1 10 19 -1 -14 6.3750
g 41 2 423 1 10 19 -1 -14 6.3750
g 41 3 434 1 10 19 -1 -14 6.3750
g 42 0 445 1 11 14 -1 -13 7.3438
g 42 1 457 1 11 14 -1 -13 7.3438
g 42 2 469 1 11 14 -1 -13 7.3438
g 42 3 481 1 11 14 -1 -13 7.3438
g 43 0 493 1 13 12 -1 -11 9.4531
g 43 1 1 21 13 12 -1 -11 9.4531
g 43 2 15 21 13 12 -1 -11 9.4531
g 43 3 29 21 13 12 -1 -11 9.4531
g 44 0 43 21 7 7 -1 -3 3.9375
g 44 1 51 21 7 7 -1 -3 3.9375
g 44 2 59 21 7 7 -1 -3 3.9375
g 44 3 67 21 7 7 -1 -3 3.9375
g 45 0 75 21 11 8 -1 -7 7.1719
g 45 1 87 21 11 8 -1 -7 7.1719
g 45 2 99 21 11 8 -1 -7 7.1719
g 45 3 111 21 11 8 -1 -7 7.1719
g 46 0 123 21 7 6 -1 -4 3.9375
g 46 1 131 21 7 6 -1 -4 3.9375
g 46 2 139 21 7 6 -1 -4 3.9375
g 46 3 147 21 7 6 -1 -4 3.9375
g 47 0 155 21 13 18 -3 -13 7.7969
g 47 1 169 21 13 18 -3 -13 7.7969
g 47 2 183 21 13 18 -3 -13 7.7969
g 47 3 197 21 13 18 -3 -13 7.7969
g 48 0 211 21 14 16 -1 -14 10.6719
g 48 1 226 21 14 16 -1 -14 10.6719
g 48 2 241 21 14 16 -1 -14 10.6719
g 48 3 256 21 14 16 -1 -14 10.6719
g 49 0 271 21 9 14 -1 -13 5.2031
g 49 1 281 21 9 14 -1 -13 5.2031
g 49 2 291 21 9 14 -1 -13 5.2031
g 49 3 301 21 9 14 -1 -13 5.2031
g 50 0 311 21 13 15 -1 -14 9.4531
g 50 1 325 21 13 15 -1 -14 9.4531
g 50 2 339 21 13 15 -1 -14 9.4531
g 50 3 353 21 13 15 -1 -14 9.4531
g 51 0 367 21 13 16 -1 -14 9.4531
g 51 1 381 21 13 16 -1 -14 9.4531
g 51 2 395 21 13 16 -1 -14 9.4531
g 51 3 409 21 13 16 -1 -14 9.4531
g 52 0 423 21 14 14 -1 -13 10.3281
g 52 1 438 21 14 14 -1 -13 10.3281
g 52 2 453 21 14 14 -1 -13 10.3281
g 52 3 468 21 14 14 -1 -13 10.3281
g 53 0 483 21 13 15 -1 -13 9.4531
g 53 1 497 21 13 15 -1 -13 9.4531
g 53 2 1 40 13 15 -1 -13 9.4531
g 53 3 15 40 13 15 -1 -13 9.4531
g 54 0 29 40 13 16 -1 -14 9.4531
g 54 1 43 40 13 16 -1 -14 9.4531
g 54 2 57 40 13 16 -1 -14 9.4531
g 54 3 71 40 13 16 -1 -14 9.4531
g 55 0 85 40 13 15 -1 -13 9.4531
g 55 1 99 40 13 15 -1 -13 9.4531
g 55 2 113 40 13 15 -1 -13 9.4531
g 55 3 127 40 13 15 -1 -13 9.4531
g 56 0 141 40 13 16 -1 -14 9.4531
g 56 1 155 40 13 16 -1 -14 9.4531
g 56 2 169 40 13 16 -1 -14 9.4531
g 56 3 183 40 13 16 -1 -14 9.4531
g 57 0 197 40 13 16 -1 -14 9.8906
g 57 1 211 40 13 16 -1 -14 9.8906
g 57 2 225 40 13 16 -1 -14 9.8906
g 57 3 239 40 13 16 -1 -14 9.8906
g 58 0 253 40 7 12 -1 -10 3.9375
g 58 1 261 40 7 12 -1 -10 3.9375
g 58 2 269 40 7 12 -1 -10 3.9375
g 58 3 277 40 7 12 -1 -10 3.9375
g 59 0 285 40 7 14 -1 -10 3.9375
g 59 1 293 40 7 14 -1 -10 3.9375
g 59 2 301 40 7 14 -1 -10 3.9375
g 59 3 309 40 7 14 -1 -10 3.9375
g 60 0 317 40 13 13 -1 -12 9.4531
g 60 1 331 40 13 13 -1 -12 9.4531
g 60 2 345 40 13 13 -1 -12 9.4531
g 60 3 359 40 13 13 -1 -12 9.4531
g 61 0 373 40 13 11 -1 -10 9.4531
g 61 1 387 40 13 11 -1 -10 9.4531
g 61 2 401 40 13 11 -1 -10 9.4531
g 61 3 415 40 13 11 -1 -10 9.4531
g 62 0 429 40 13 13 -1 -12 9.4531
g 62 1 443 40 13 13 -1 -12 9.4531
g 62 2 457 40 13 13 -1 -12 9.4531
g 62 3 471 40 13 13 -1 -12 9.4531
g 63 0 485 40 12 16 -1 -14 8.1875
g 63 1 498 40 12 16 -1 -14 8.1875
g 63 2 1 57 12 16 -1 -14 8.1875
g 63 3 14 57 12 16 -1 -14 8.1875
g 64 0 27 57 16 15 -1 -11 12.3438
g 64 1 44 57 16 15 -1 -11 12.3438
g 64 2 61 57 16 15 -1 -11 12.3438
g 64 3 78 57 16 15 -1 -11 12.3438
g 65 0 95 57 16 15 -2 -13 11.2656
g 65 1 112 57 16 15 -2 -13 11.2656
g 65 2 129 57 16 15 -2 -13 11.2656
g 65 3 146 57 16 15 -2 -13 11.2656
g 66 0 163 57 14 14 -1 -13 10.7188
g 66 1 178 57 14 14 -1 -13 10.7188
g 66 2 193 57 14 14 -1 -13 10.7188
g 66 3 208 57 14 14 -1 -13 10.7188
g 67 0 223 57 15 16 -1 -14 11.3281
g 67 1 239 57 15 16 -1 -14 11.3281
g 67 2 255 57 15 16 -1 -14 11.3281
g 67 3 271 57 15 16 -1 -14 11.3281
g 68 0 287 57 15 14 -1 -13 11.5312
g 68 1 303 57 15 14 -1 -13 11.5312
g 68 2 319 57 15 14 -1 -13 11.5312
g 68 3 335 57 15 14 -1 -13 11.5312
g 69 0 351 57 14 14 -1 -13 10.0156
g 69 1 366 57 14 14 -1 -13 10.0156
g 69 2 381 57 14 14 -1 -13 10.0156
g 69 3 396 57 14 14 -1 -13 10.0156
g 70 0 411 57 13 14 -1 -13 9.9062
g 70 1 425 57 13 14 -1 -13 9.9062
g 70 2 439 57 13 14 -1 -13 9.9062
g 70 3 453 57 13 14 -1 -13 9.9062
g 71 0 467 57 16 16 -1 -14 12.4688
g 71 1 484 57 16 16 -1 -14 12.4688
g 71 2 1 74 16 16 -1 -14 12.4688
g 71 3 18 74 16 16 -1 -14 12.4688
g 72 0 35 74 15 14 -1 -13 11.5156
g 72 1 51 74 15 14 -1 -13 11.5156
g 72 2 67 74 15 14 -1 -13 11.5156
g 72 3 83 74 15 14 -1 -13 11.5156
g 73 0 99 74 8 14 -1 -13 4.0781
g 73 1 108 74 8 14 -1 -13 4.0781
g 73 2 117 74 8 14 -1 -13 4.0781
g 73 3 126 74 8 14 -1 -13 4.0781
g 74 0 135 74 13 15 -1 -13 9.8906
g 74 1 149 74 13 15 -1 -13 9.8906
g 74 2 163 74 13 15 -1 -13 9.8906
g 74 3 177 74 13 15 -1 -13 9.8906
g 75 0 191 74 14 14 -1 -13 10.5781
g 75 1 206 74 14 14 -1 -13 10.5781
g 75 2 221 74 14 14 -1 -13 10.5781
g 75 3 236 74 14 14 -1 -13 10.5781
g 76 0 251 74 13 14 -1 -13 9.7656
g 76 1 265 74 13 14 -1 -13 9.7656
g 76 2 279 74 13 14 -1 -13 9.7656
g 76 3 293 74 13 14 -1 -13 9.7656
g 77 0 307 74 17 14 -1 -13 13.7188
g 77 1 325 74 17 14 -1 -13 13.7188
g 77 2 343 74 17 14 -1 -13 13.7188
g 77 3 361 74 17 14 -1 -13 13.7188
g 78 0 379 74 15 14 -1 -13 11.6719
g 78 1 395 74 15 14 -1 -13 11.6719
g 78 2 411 74 15 14 -1 -13 11.6719
g 78 3 427 74 15 14 -1 -13 11.6719
g 79 0 443 74 16 16 -1 -14 12.7656
g 79 1 460 74 16 16 -1 -14 12.7656
g 79 2 477 74 16 16 -1 -14 12.7656
g 79 3 494 74 16 16 -1 -14 12.7656
g 80 0 1 91 14 14 -1 -13 10.5625
g 80 1 16 91 14 14 -1 -13 10.5625
g 80 2 31 91 14 14 -1 -13 10.5625
g 80 3 46 91 14 14 -1 -13 10.5625
g 81 0 61 91 16 16 -1 -14 12.7656
g 81 1 78 91 16 16 -1 -14 12.7656
g 81 2 95 91 16 16 -1 -14 12.7656
g 81 3 112 91 16 16 -1 -14 12.7656
g 82 0 129 91 14 14 -1 -13 10.5312
g 82 1 144 91 14 14 -1 -13 10.5312
g 82 2 159 91 14 14 -1 -13 10.5312
g 82 3 174 91 14 14 -1 -13 10.5312
g 83 0 189 91 13 15 -1 -13 9.7969
g 83 1 203 91 13 15 -1 -13 9.7969
g 83 2 217 91 13 15 -1 -13 9.7969
g 83 3 231 91 13 15 -1 -13 9.7969
g 84 0 245 91 14 14 -1 -13 10.0938
g 84 1 260 91 14 14 -1 -13 10.0938
g 84 2 275 91 14 14 -1 -13 10.0938
g 84 3 290 91 14 14 -1 -13 10.0938
g 85 0 305 91 15 15 -1 -13 11.3125
g 85 1 321 91 15 15 -1 -13 11.3125
g 85 2 337 91 15 15 -1 -13 11.3125
g 85 3 353 91 15 15 -1 -13 11.3125
g 86 0 369 91 16 14 -2 -13 11.2656
g 86 1 386 91 16 14 -2 -13 11.2656
g 86 2 403 91 16 14 -2 -13 11.2656
g 86 3 420 91 16 14 -2 -13 11.2656
g 87 0 437 91 18 14 -1 -13 14.5625
g 87 1 456 91 18 14 -1 -13 14.5625
g 87 2 475 91 18 14 -1 -13 14.5625
g 87 3 1 108 18 14 -1 -13 14.5625
g 88 0 20 108 15 14 -2 -13 10.7031
g 88 1 36 108 15 14 -2 -13 10.7031
g 88 2 52 108 15 14 -2 -13 10.7031
g 88 3 68 108 15 14 -2 -13 10.7031
g 89 0 84 108 15 14 -2 -13 10.7812
g 89 1 100 108 15 14 -2 -13 10.7812
g 89 2 116 108 15 14 -2 -13 10.7812
g 89 3 132 108 15 14 -2 -13 10.7812
g 90 0 148 108 13 14 -1 -13 9.6562
g 90 1 162 108 13 14 -1 -13 9.6562
g 90 2 176 108 13 14 -1 -13 9.6562
g 90 3 190 108 13 14 -1 -13 9.6562
g 91 0 204 108 10 18 -1 -13 5.9688
g 91 1 215 108 10 18 -1 -13 5.9688
g 91 2 226 108 10 18 -1 -13 5.9688
g 91 3 237 108 10 18 -1 -13 5.9688
g 92 0 248 108 12 18 -1 -13 7.9062
g 92 1 261 108 12 18 -1 -13 7.9062
g 92 2 274 108 12 18 -1 -13 7.9062
g 92 3 287 108 12 18 -1 -13 7.9062
g 93 0 300 108 10 18 -1 -13 5.9688
g 93 1 311 108 10 18 -1 -13 5.9688
g 93 2 322 108 10 18 -1 -13 5.9688
g 93 3 333 108 10 18 -1 -13 5.9688
g 94 0 344 108 12 14 -1 -13 8.9375
g 94 1 357 108 12 14 -1 -13 8.9375
g 94 2 370 108 12 14 -1 -13 8.9375
g 94 3 383 108 12 14 -1 -13 8.9375
g 95 0 396 108 11 5 -1 -1 7.7188
g 95 1 408 108 11 5 -1 -1 7.7188
g 95 2 420 108 11 5 -1 -1 7.7188
g 95 3 432 108 11 5 -1 -1 7.7188
g 96 0 444 108 13 15 -1 -14 9.4531
g 96 1 458 108 13 15 -1 -14 9.4531
g 96 2 472 108 13 15 -1 -14 9.4531
g 96 3 486 108 13 15 -1 -14 9.4531
g 97 0 1 127 12 12 -1 -10 8.5469
g 97 1 14 127 12 12 -1 -10 8.5469
g 97 2 27 127 12 12 -1 -10 8.5469
g 97 3 40 127 12 12 -1 -10 8.5469
g 98 0 53 127 13 16 -1 -14 9.7344
g 98 1 67 127 13 16 -1 -14 9.7344
g 98 2 81 127 13 16 -1 -14 9.7344
g 98 3 95 127 13 16 -1 -14 9.7344
g 99 0 109 127 12 12 -1 -10 8.2812
g 99 1 122 127 12 12 -1 -10 8.2812
g 99 2 135 127 12 12 -1 -10 8.2812
g 99 3 148 127 12 12 -1 -10 8.2812
g 100 0 161 127 13 16 -1 -14 9.7344
g 100 1 175 127 13 16 -1 -14 9.7344
g 100 2 189 127 13 16 -1 -14 9.7344
g 100 3 203 127 13 16 -1 -14 9.7344
g 101 0 217 127 13 12 -1 -10 9.1250
g 101 1 231 127 13 12 -1 -10 9.1250
g 101 2 245 127 13 12 -1 -10 9.1250
g 101 3 259 127 13 12 -1 -10 9.1250
g 102 0 273 127 10 16 -1 -14 6.5000
g 102 1 284 127 10 16 -1 -14 6.5000
g 102 2 295 127 10 16 -1 -14 6.5000
g 102 3 306 127 10 16 -1 -14 6.5000
g 103 0 317 127 13 15 -1 -10 9.6719
g 103 1 331 127 13 15 -1 -10 9.6719
g 103 2 345 127 13 15 -1 -10 9.6719
g 103 3 359 127 13 15 -1 -10 9.6719
g 104 0 373 127 13 16 -1 -14 9.1250
g 104 1 387 127 13 16 -1 -14 9.1250
g 104 2 401 127 13 16 -1 -14 9.1250
g 104 3 415 127 13 16 -1 -14 9.1250
g 105 0 429 127 7 15 -1 -14 3.6250
g 105 1 437 127 7 15 -1 -14 3.6250
g 105 2 445 127 7 15 -1 -14 3.6250
g 105 3 453 127 7 15 -1 -14 3.6250
g 106 0 461 127 8 19 -2 -14 3.6250
g 106 1 470 127 8 19 -2 -14 3.6250
g 106 2 479 127 8 19 -2 -14 3.6250
g 106 3 488 127 8 19 -2 -14 3.6250
g 107 0 497 127 12 15 -1 -14 8.5781
g 107 1 1 147 12 15 -1 -14 8.5781
g 107 2 14 147 12 15 -1 -14 8.5781
g 107 3 27 147 12 15 -1 -14 8.5781
g 108 0 40 147 7 15 -1 -14 3.6250
g 108 1 48 147 7 15 -1 -14 3.6250
g 108 2 56 147 7 15 -1 -14 3.6250
g 108 3 64 147 7 15 -1 -14 3.6250
g 109 0 72 147 18 11 -1 -10 14.0312
g 109 1 91 147 18 11 -1 -10 14.0312
g 109 2 110 147 18 11 -1 -10 14.0312
g 109 3 129 147 18 11 -1 -10 14.0312
g 110 0 148 147 13 11 -1 -10 9.1250
g 110 1 162 147 13 11 -1 -10 9.1250
g 110 2 176 147 13 11 -1 -10 9.1250
g 110 3 190 147 13 11 -1 -10 9.1250
g 111 0 204 147 13 12 -1 -10 9.5938
g 111 1 218 147 13 12 -1 -10 9.5938
g 111 2 232 147 13 12 -1 -10 9.5938
g 111 3 246 147 13 12 -1 -10 9.5938
g 112 0 260 147 13 15 -1 -10 9.7344
g 112 1 274 147 13 15 -1 -10 9.7344
g 112 2 288 147 13 15 -1 -10 9.7344
g 112 3 302 147 13 15 -1 -10 9.7344
g 113 0 316 147 13 15 -1 -10 9.7344
g 113 1 330 147 13 15 -1 -10 9.7344
g 113 2 344 147 13 15 -1 -10 9.7344
g 113 3 358 147 13 15 -1 -10 9.7344
g 114 0 372 147 10 11 -1 -10 6.1094
g 114 1 383 147 10 11 -1 -10 6.1094
g 114 2 394 147 10 11 -1 -10 6.1094
g 114 3 405 147 10 11 -1 -10 6.1094
g 115 0 416 147 11 12 -1 -10 7.5156
g 115 1 428 147 11 12 -1 -10 7.5156
g 115 2 440 147 11 12 -1 -10 7.5156
g 115 3 452 147 11 12 -1 -10 7.5156
g 116 0 464 147 10 15 -1 -13 6.3906
g 116 1 475 147 10 15 -1 -13 6.3906
g 116 2 486 147 10 15 -1 -13 6.3906
g 116 3 497 147 10 15 -1 -13 6.3906
g 117 0 1 163 13 12 -1 -10 9.1250
g 117 1 15 163 13 12 -1 -10 9.1250
g 117 2 29 163 13 12 -1 -10 9.1250
g 117 3 43 163 13 12 -1 -10 9.1250
g 118 0 57 163 12 11 -1 -10 8.7969
g 118 1 70 163 12 11 -1 -10 8.7969
g 118 2 83 163 12 11 -1 -10 8.7969
g 118 3 96 163 12 11 -1 -10 8.7969
g 119 0 109 163 15 11 -1 -10 11.8125
g 119 1 125 163 15 11 -1 -10 11.8125
g 119 2 141 163 15 11 -1 -10 11.8125
g 119 3 157 163 15 11 -1 -10 11.8125
g 120 0 173 163 12 11 -1 -10 8.4219
g 120 1 186 163 12 11 -1 -10 8.4219
g 120 2 199 163 12 11 -1 -10 8.4219
g 120 3 212 163 12 11 -1 -10 8.4219
g 121 0 225 163 12 15 -1 -10 8.7500
g 121 1 238 163 12 15 -1 -10 8.7500
g 121 2 251 163 12 15 -1 -10 8.7500
g 121 3 264 163 12 15 -1 -10 8.7500
g 122 0 277 163 11 11 -1 -10 7.6875
g 122 1 289 163 11 11 -1 -10 7.6875
g 122 2 301 163 11 11 -1 -10 7.6875
g 122 3 313 163 11 11 -1 -10 7.6875
g 123 0 325 163 10 19 -1 -14 6.5156
g 123 1 336 163 10 19 -1 -14 6.5156
g 123 2 347 163 10 19 -1 -14 6.5156
g 123 3 358 163 10 19 -1 -14 6.5156
g 124 0 369 163 8 18 -1 -13 4.9531
g 124 1 378 163 8 18 -1 -13 4.9531
g 124 2 387 163 8 18 -1 -13 4.9531
g 124 3 396 163 8 18 -1 -13 4.9531
g 125 0 405 163 10 18 -1 -13 6.5156
g 125 1 416 163 10 18 -1 -13 6.5156
g 125 2 427 163 10 18 -1 -13 6.5156
g 125 3 438 163 10 18 -1 -13 6.5156
g 126 0 449 163 13 10 -1 -9 9.2812
g 126 1 463 163 13 10 -1 -9 9.2812
g 126 2 477 163 13 10 -1 -9 9.2812
g 126 3 491 163 13 10 -1 -9 9.2812
k 38 49 -0.6250
k 38 50 -0.0781
k 38 51 -0.1562
k 38 52 -0.1562
k 38 53 -0.1562
k 38 55 -1.0312
k 38 56 -0.2344
k 38 57 -0.2344
k 38 65 0.0781
k 38 67 -0.0781
k 38 71 -0.0781
k 38 74 -0.1562
k 38 79 -0.0781
k 38 81 -0.0781
k 38 83 -0.1250
k 38 84 -1.4219
k 38 85 -0.0781
k 38 86 -1.0312
k 38 87 -0.5000
k 38 89 -1.4219
k 38 97 -0.1562
k 38 99 -0.1562
k 38 100 -0.1562
k 38 101 -0.1562
k 38 102 -0.1562
k 38 103 -0.1562
k 38 111 -0.1562
k 38 113 -0.1562
k 38 116 -0.1562
k 38 117 -0.0781
k 38 118 -0.2656
k 38 119 -0.1562
k 38 121 -0.1562
k 40 44 -0.2031
k 40 46 -0.2031
k 40 51 -0.0781
k 40 52 -0.4219
k 40 53 -0.0781
k 40 55 0.0781
k 40 56 -0.0781
k 40 57 -0.0781
k 40 67 -0.1562
k 40 71 -0.1562
k 40 74 -0.6250
k 40 79 -0.1562
k 40 81 -0.1562
k 40 84 0.0781
k 40 99 -0.0781
k 40 100 -0.0781
k 40 101 -0.0781
k 40 102 -0.1562
k 40 103 -0.0781
k 40 106 0.7031
k 40 111 -0.0781
k 40 113 -0.0781
k 40 116 -0.1562
k 42 44 -0.6250
k 42 46 -0.6250
k 42 50 -0.0781
k 42 52 -0.9375
k 42 56 -0.3594
k 42 65 -1.1562
k 42 74 -1.7031
k 42 84 0.0781
k 42 86 0.1875
k 42 88 -0.2344
k 42 97 -0.3594
k 42 99 -0.3906
k 42 100 -0.3906
k 42 101 -0.3906
k 42 103 -0.3906
k 42 111 -0.3906
k 42 113 -0.3906
k 42 115 -0.0781
k 42 118 0.1875
k 42 119 0.0781
k 42 121 0.1875
k 43 49 -0.4688
k 43 50 -0.5469
k 43 51 -0.2656
k 43 53 -0.2656
k 43 55 -0.7031
k 43 57 -0.3594
k 43 65 -0.2344
k 43 67 0.1562
k 43 71 0.1562
k 43 74 -0.5156
k 43 79 0.1562
k 43 81 0.1562
k 43 83 -0.2812
k 43 84 -0.5469
k 43 86 -0.5469
k 43 88 -0.6250
k 43 89 -0.7031
k 43 90 -0.2031
k 43 99 0.1562
k 43 100 0.1562
k 43 101 0.1562
k 43 102 -0.0781
k 43 103 0.1562
k 43 111 0.1562
k 43 113 0.1562
k 43 116 -0.0781
k 43 120 -0.6250
k 43 122 -0.2812
k 44 41 -0.2031
k 44 42 -0.6250
k 44 48 -0.3594
k 44 49 -0.9688
k 44 51 -0.0781
k 44 52 -0.2812
k 44 53 -0.0781
k 44 54 -0.3594
k 44 55 -0.8594
k 44 56 -0.2812
k 44 57 -0.3594
k 44 63 -1.3125
k 44 65 0.1562
k 44 67 -0.6719
k 44 71 -0.6719
k 44 74 -0.1250
k 44 79 -0.6719
k 44 81 -0.6719
k 44 84 -1.8594
k 44 85 -0.5156
k 44 86 -1.7344
k 44 87 -1.4219
k 44 89 -1.8594
k 44 90 0.0781
k 44 93 -0.2031
k 44 97 -0.0781
k 44 99 -0.3594
k 44 100 -0.3594
k 44 101 -0.3594
k 44 102 -1.1406
k 44 103 -0.3594
k 44 111 -0.3594
k 44 113 -0.3594
k 44 115 -0.0781
k 44 116 -1.1406
k 44 117 -0.3594
k 44 118 -1.1875
k 44 119 -0.6250
k 44 121 -1.1094
k 44 122 0.0781
k 44 125 -0.2031
k 45 49 -0.4688
k 45 50 -0.5469
k 45 51 -0.2656
k 45 53 -0.2656
k 45 55 -0.7031
k 45 57 -0.3594
k 45 65 -0.2344
k 45 67 0.1562
k 45 71 0.1562
k 45 74 -0.5156
k 45 79 0.1562
k 45 81 0.1562
k 45 83 -0.2812
k 45 84 -0.5469
k 45 86 -0.5469
k 45 88 -0.6250
k 45 89 -0.7031
k 45 90 -0.2031
k 45 99 0.1562
k 45 100 0.1562
k 45 101 0.1562
k 45 102 -0.0781
k 45 103 0.1562
k 45 111 0.1562
k 45 113 0.1562
k 45 116 -0.0781
k 45 120 -0.6250
k 45 122 -0.2812
k 46 41 -0.2031
k 46 42 -0.6250
k 46 48 -0.3594
k 46 49 -0.9688
k 46 51 -0.0781
k 46 52 -0.2812
k 46 53 -0.0781
k 46 54 -0.3594
k 46 55 -0.8594
k 46 56 -0.2812
k 46 57 -0.3594
k 46 63 -1.3125
k 46 65 0.1562
k 46 67 -0.6719
k 46 71 -0.6719
k 46 74 -0.1250
k 46 79 -0.6719
k 46 81 -0.6719
k 46 84 -1.8594
k 46 85 -0.5156
k 46 86 -1.7344
k 46 87 -1.4219
k 46 89 -1.8594
k 46 90 0.0781
k 46 93 -0.2031
k 46 97 -0.0781
k 46 99 -0.3594
k 46 100 -0.3594
k 46 101 -0.3594
k 46 102 -1.1406
k 46 103 -0.3594
k 46 111 -0.3594
k 46 113 -0.3594
k 46 115 -0.0781
k 46 116 -1.1406
k 46 117 -0.3594
k 46 118 -1.1875
k 46 119 -0.6250
k 46 121 -1.1094
k 46 122 0.0781
k 46 125 -0.2031
k 47 47 -2.6719
k 47 48 -0.5469
k 47 50 -0.2812
k 47 51 -0.4688
k 47 52 -1.5469
k 47 53 -0.4688
k 47 54 -0.5469
k 47 56 -0.8594
k 47 57 -0.4688
k 47 65 -1.4219
k 47 67 -0.7031
k 47 71 -0.7031
k 47 74 -2.4844
k 47 79 -0.7031
k 47 81 -0.7031
k 47 83 -0.1875
k 47 88 -0.0781
k 47 90 -0.0781
k 47 97 -1.3125
k 47 99 -1.6094
k 47 100 -1.6094
k 47 101 -1.6094
k 47 102 -0.8281
k 47 103 -1.6094
k 47 109 -0.8594
k 47 110 -0.8594
k 47 111 -1.6094
k 47 112 -0.8594
k 47 113 -1.6094
k 47 114 -0.8594
k 47 115 -1.0781
k 47 116 -0.8281
k 47 117 -0.9375
k 47 118 -0.6719
k 47 119 -0.5469
k 47 120 -0.8281
k 47 121 -0.5938
k 47 122 -0.8594
k 48 41 -0.0781
k 48 44 -0.3594
k 48 46 -0.3594
k 48 47 -0.5469
k 48 49 -0.0781
k 48 50 -0.3594
k 48 55 -0.3906
k 48 57 -0.0781
k 48 63 -0.2031
k 48 92 -0.6250
k 48 93 -0.0781
k 48 125 -0.0781
k 50 52 -0.2031
k 50 55 -0.0781
k 50 56 -0.0781
k 50 92 -0.6250
k 51 41 -0.0781
k 51 42 -0.3594
k 51 44 -0.2812
k 51 46 -0.2812
k 51 47 -0.2344
k 51 48 -0.0781
k 51 49 -0.0781
k 51 50 -0.0781
k 51 51 -0.1562
k 51 53 -0.1562
k 51 54 -0.0781
k 51 55 -0.3594
k 51 56 -0.0781
k 51 57 -0.2812
k 51 63 -0.3594
k 51 92 -0.7031
k 51 93 -0.0781
k 51 125 -0.0781
k 52 38 0.2344
k 52 42 -0.6562
k 52 44 -0.0781
k 52 46 -0.0781
k 52 49 -0.3438
k 52 50 -0.2031
k 52 51 -0.2031
k 52 53 -0.2031
k 52 55 -0.5469
k 52 56 -0.0781
k 52 57 -0.3594
k 52 63 -0.7031
k 52 92 -0.9062
k 53 38 0.0781
k 53 42 -0.6250
k 53 44 -0.2031
k 53 46 -0.2031
k 53 47 -0.2344
k 53 49 -0.2344
k 53 50 -0.2031
k 53 51 -0.2344
k 53 53 -0.2344
k 53 55 -0.4688
k 53 56 -0.0781
k 53 57 -0.4688
k 53 63 -0.3906
k 53 92 -0.5469
k 54 38 0.0781
k 54 42 -0.6250
k 54 44 -0.2031
k 54 46 -0.2031
k 54 47 -0.2344
k 54 49 -0.2344
k 54 50 -0.2031
k 54 51 -0.2344
k 54 53 -0.2344
k 54 55 -0.4688
k 54 56 -0.0781
k 54 57 -0.4688
k 54 63 -0.3906
k 54 92 -0.5469
k 55 38 -0.5469
k 55 41 0.0781
k 55 43 -0.5469
k 55 44 -1.9688
k 55 45 -0.5469
k 55 46 -1.9688
k 55 47 -1.4219
k 55 48 -0.2812
k 55 49 0.1875
k 55 50 0.1562
k 55 52 -1.3438
k 55 54 -0.2812
k 55 55 0.2031
k 55 56 -0.2344
k 55 58 -0.0781
k 55 59 -0.0781
k 55 63 0.2344
k 55 64 -1.0312
k 55 93 0.0781
k 55 125 0.0781
k 56 41 -0.0781
k 56 42 -0.3594
k 56 44 -0.2812
k 56 46 -0.2812
k 56 47 -0.2344
k 56 48 -0.0781
k 56 49 -0.0781
k 56 50 -0.0781
k 56 51 -0.1562
k 56 53 -0.1562
k 56 54 -0.0781
k 56 55 -0.3594
k 56 56 -0.0781
k 56 57 -0.2812
k 56 63 -0.3594
k 56 92 -0.7031
k 56 93 -0.0781
k 56 125 -0.0781
k 57 41 -0.0781
k 57 44 -0.3594
k 57 46 -0.3594
k 57 47 -0.5469
k 57 49 -0.0781
k 57 50 -0.3594
k 57 55 -0.3906
k 57 57 -0.0781
k 57 63 -0.2031
k 57 92 -0.6250
k 57 93 -0.0781
k 57 125 -0.0781
k 58 55 -0.2344
k 58 84 -0.1250
k 58 86 -0.1250
k 58 89 -0.4688
k 58 90 0.0781
k 58 99 -0.0781
k 58 100 -0.0781
k 58 101 -0.0781
k 58 103 -0.0781
k 58 111 -0.0781
k 58 113 -0.0781
k 58 117 -0.0781
k 58 118 0.0781
k 58 119 0.0781
k 58 121 0.0781
k 59 55 -0.2344
k 59 84 -0.1250
k 59 86 -0.1250
k 59 89 -0.4688
k 59 90 0.0781
k 59 99 -0.0781
k 59 100 -0.0781
k 59 101 -0.0781
k 59 103 -0.0781
k 59 111 -0.0781
k 59 113 -0.0781
k 59 117 -0.0781
k 59 118 0.0781
k 59 119 0.0781
k 59 121 0.0781
k 63 44 -2.0938
k 63 46 -2.0938
k 64 49 -0.3594
k 64 50 -0.3594
k 64 51 -0.1562
k 64 53 -0.1562
k 64 55 -1.0312
k 64 57 -0.1562
k 64 65 -0.4688
k 64 84 -1.2344
k 64 86 -0.7031
k 64 87 -0.2656
k 64 88 -0.6250
k 64 89 -1.3438
k 64 90 -0.1562
k 64 102 -0.1562
k 64 116 -0.1562
k 64 118 -0.0781
k 64 120 -0.4688
k 65 38 0.0781
k 65 42 -1.1562
k 65 43 -0.2344
k 65 44 0.1562
k 65 45 -0.2344
k 65 46 0.1562
k 65 47 0.2344
k 65 63 -1.1562
k 65 64 -0.1562
k 65 65 0.3438
k 65 67 -0.5781
k 65 71 -0.5781
k 65 74 0.2344
k 65 79 -0.5781
k 65 81 -0.5781
k 65 83 0.2344
k 65 84 -2.0000
k 65 85 -0.4219
k 65 86 -1.8438
k 65 87 -0.8594
k 65 88 0.4219
k 65 89 -2.0000
k 65 90 0.2344
k 65 92 -2.0469
k 65 99 -0.4219
k 65 100 -0.4219
k 65 101 -0.4219
k 65 102 -1.1406
k 65 103 -0.4219
k 65 111 -0.4219
k 65 113 -0.4219
k 65 115 0.2344
k 65 116 -1.1406
k 65 117 -0.2344
k 65 118 -1.3438
k 65 119 -0.7031
k 65 120 0.2344
k 65 121 -1.4219
k 65 122 0.2344
k 66 42 -0.5469
k 66 44 -0.3906
k 66 46 -0.3906
k 66 47 -0.2344
k 66 63 -0.3594
k 66 65 -0.1875
k 66 67 -0.1562
k 66 71 -0.1562
k 66 74 -0.2344
k 66 79 -0.1562
k 66 81 -0.1562
k 66 84 -0.2344
k 66 86 -0.4219
k 66 87 -0.4219
k 66 88 -0.4219
k 66 89 -0.7031
k 66 90 -0.2344
k 66 92 -0.7812
k 66 99 -0.1562
k 66 100 -0.1562
k 66 101 -0.1562
k 66 102 -0.2344
k 66 103 -0.1562
k 66 111 -0.1562
k 66 113 -0.1562
k 66 115 -0.0781
k 66 116 -0.2344
k 66 117 -0.1562
k 66 118 -0.1562
k 66 119 -0.1562
k 66 120 -0.4219
k 66 121 -0.2344
k 66 122 -0.2344
k 67 38 0.0781
k 67 44 -0.0781
k 67 46 -0.0781
k 67 63 0.1094
k 67 64 -0.3594
k 67 67 -0.2344
k 67 71 -0.2344
k 67 79 -0.2344
k 67 81 -0.2344
k 67 83 0.1562
k 67 84 0.1562
k 67 88 -0.2344
k 67 89 -0.2344
k 67 92 -0.3594
k 67 99 -0.2344
k 67 100 -0.2344
k 67 101 -0.2344
k 67 103 -0.2344
k 67 111 -0.2344
k 67 113 -0.2344
k 67 117 -0.2344
k 68 41 -0.1562
k 68 43 0.1562
k 68 44 -0.6719
k 68 45 0.1562
k 68 46 -0.6719
k 68 47 -0.6250
k 68 63 -0.3906
k 68 65 -0.5781
k 68 74 -0.4219
k 68 84 -0.7031
k 68 86 -0.5781
k 68 87 -0.2344
k 68 88 -1.0781
k 68 89 -1.0312
k 68 90 -0.3594
k 68 92 -0.7031
k 68 93 -0.1562
k 68 97 -0.1562
k 68 115 0.1562
k 68 120 -0.4219
k 68 125 -0.1562
k 69 38 -0.0781
k 69 42 -0.2344
k 69 43 -0.3906
k 69 45 -0.3906
k 69 64 -0.1562
k 69 65 0.2031
k 69 67 -0.6719
k 69 71 -0.6719
k 69 79 -0.6719
k 69 81 -0.6719
k 69 86 0.0781
k 69 87 -0.0781
k 69 99 -0.4219
k 69 100 -0.4219
k 69 101 -0.4219
k 69 102 -0.2344
k 69 103 -0.4219
k 69 111 -0.4219
k 69 113 -0.4219
k 69 116 -0.2344
k 69 117 -0.2344
k 69 118 -0.1562
k 69 119 -0.1250
k 69 120 -0.0781
k 70 38 -1.0000
k 70 43 -0.6719
k 70 44 -2.4062
k 70 45 -0.6719
k 70 46 -2.4062
k 70 47 -2.1250
k 70 58 -0.2812
k 70 59 -0.2812
k 70 64 -1.7344
k 70 65 -2.0000
k 70 67 -0.7031
k 70 71 -0.7031
k 70 74 -2.5625
k 70 79 -0.7031
k 70 81 -0.7031
k 70 86 0.0781
k 70 88 -0.1562
k 70 95 -1.3438
k 70 97 -1.1094
k 70 98 -0.2344
k 70 99 -1.6250
k 70 100 -1.6250
k 70 101 -1.6250
k 70 102 -0.2344
k 70 103 -1.6250
k 70 104 -0.2344
k 70 105 -0.2344
k 70 106 -0.2344
k 70 107 -0.2344
k 70 108 -0.2344
k 70 109 -0.8281
k 70 110 -0.8281
k 70 111 -1.6250
k 70 112 -0.8281
k 70 113 -1.6250
k 70 114 -0.8281
k 70 115 -1.1406
k 70 116 -0.2344
k 70 117 -0.7031
k 70 118 -0.3594
k 70 119 -0.5156
k 70 120 -0.5938
k 70 121 -0.5469
k 70 122 -0.5781
k 71 42 -0.2344
k 71 44 -0.7031
k 71 46 -0.7031
k 71 47 -0.6250
k 71 63 -0.4688
k 71 65 -0.4219
k 71 74 -0.5781
k 71 84 -0.4219
k 71 86 -0.7031
k 71 87 -0.5781
k 71 88 -0.8125
k 71 89 -1.0312
k 71 90 -0.2344
k 71 92 -0.7812
k 71 115 0.1562
k 71 120 -0.5781
k 71 121 -0.2344
k 72 97 -0.1562
k 73 97 -0.1562
k 74 44 -0.5156
k 74 46 -0.5156
k 74 47 -0.4688
k 74 65 -0.4219
k 74 74 -0.3125
k 74 115 0.0781
k 75 38 -0.4688
k 75 42 -0.5469
k 75 43 -0.6250
k 75 45 -0.6250
k 75 47 0.0781
k 75 63 -0.4219
k 75 64 -0.2812
k 75 65 0.3594
k 75 66 -0.3125
k 75 67 -0.4844
k 75 68 -0.3125
k 75 69 -0.3125
k 75 70 -0.3125
k 75 71 -0.4844
k 75 72 -0.3125
k 75 73 -0.3125
k 75 74 -0.1562
k 75 75 -0.3125
k 75 76 -0.3125
k 75 77 -0.3125
k 75 78 -0.3125
k 75 79 -0.4844
k 75 80 -0.3125
k 75 81 -0.4844
k 75 82 -0.3125
k 75 84 -0.1562
k 75 85 -0.4219
k 75 86 0.1562
k 75 87 -0.2344
k 75 88 0.2344
k 75 89 0.1562
k 75 90 0.1562
k 75 92 -0.1562
k 75 95 0.5469
k 75 97 -0.4219
k 75 99 -0.7344
k 75 100 -0.7344
k 75 101 -0.7344
k 75 102 -0.9375
k 75 103 -0.7344
k 75 111 -0.7344
k 75 113 -0.7344
k 75 115 0.1562
k 75 116 -0.9375
k 75 117 -0.6250
k 75 118 -1.1406
k 75 119 -0.8125
k 75 120 0.2344
k 75 121 -1.1406
k 75 122 0.1562
k 76 38 -0.0781
k 76 41 -0.1562
k 76 42 -1.9375
k 76 43 -0.5469
k 76 45 -0.5469
k 76 63 -1.6094
k 76 64 -0.4375
k 76 65 0.2812
k 76 67 -0.8594
k 76 71 -0.8594
k 76 79 -0.8594
k 76 81 -0.8594
k 76 84 -2.2812
k 76 85 -0.5781
k 76 86 -2.4375
k 76 87 -1.2188
k 76 89 -2.3281
k 76 92 -3.3125
k 76 93 -0.1562
k 76 99 -0.3594
k 76 100 -0.3594
k 76 101 -0.3594
k 76 102 -1.3438
k 76 103 -0.3594
k 76 111 -0.3594
k 76 113 -0.3594
k 76 116 -1.3438
k 76 117 -0.3594
k 76 118 -1.5312
k 76 119 -0.7344
k 76 121 -1.5312
k 76 122 0.1562
k 76 125 -0.1562
k 77 97 -0.1562
k 78 97 -0.1562
k 79 41 -0.1562
k 79 43 0.1562
k 79 44 -0.6719
k 79 45 0.1562
k 79 46 -0.6719
k 79 47 -0.6250
k 79 63 -0.3906
k 79 65 -0.5781
k 79 74 -0.4219
k 79 84 -0.7031
k 79 86 -0.5781
k 79 87 -0.2344
k 79 88 -1.0781
k 79 89 -1.0312
k 79 90 -0.3594
k 79 92 -0.7031
k 79 93 -0.1562
k 79 97 -0.1562
k 79 115 0.1562
k 79 120 -0.4219
k 79 125 -0.1562
k 80 38 -0.6719
k 80 41 -0.2656
k 80 43 -0.0781
k 80 44 -2.4062
k 80 45 -0.0781
k 80 46 -2.4062
k 80 47 -1.9375
k 80 64 -0.7031
k 80 65 -1.6094
k 80 74 -2.2812
k 80 83 0.1562
k 80 84 -0.1562
k 80 86 -0.2344
k 80 87 -0.4219
k 80 88 -1.0781
k 80 89 -0.7031
k 80 90 -0.3594
k 80 92 -0.6250
k 80 93 -0.2656
k 80 95 -1.4219
k 80 97 -0.3594
k 80 99 -0.8281
k 80 100 -0.8281
k 80 101 -0.8281
k 80 102 0.0781
k 80 103 -0.8281
k 80 111 -0.8281
k 80 113 -0.8281
k 80 116 0.0781
k 80 117 -0.1562
k 80 118 0.1562
k 80 121 0.1562
k 80 125 -0.2656
k 81 41 -0.1562
k 81 43 0.1562
k 81 44 -0.6719
k 81 45 0.1562
k 81 46 -0.6719
k 81 47 -0.6250
k 81 63 -0.3906
k 81 65 -0.5781
k 81 74 -0.4219
k 81 84 -0.7031
k 81 86 -0.5781
k 81 87 -0.2344
k 81 88 -1.0781
k 81 89 -1.0312
k 81 90 -0.3594
k 81 92 -0.7031
k 81 93 -0.1562
k 81 97 -0.1562
k 81 115 0.1562
k 81 120 -0.4219
k 81 125 -0.1562
k 82 38 -0.0781
k 82 41 -0.1562
k 82 43 -0.2031
k 82 44 -0.0781
k 82 45 -0.2031
k 82 46 -0.0781
k 82 64 -0.2031
k 82 65 0.1562
k 82 83 0.0781
k 82 84 -0.2031
k 82 86 -0.2344
k 82 87 -0.3438
k 82 89 -0.5781
k 82 92 -0.5469
k 82 93 -0.1562
k 82 97 -0.1562
k 82 99 -0.4688
k 82 100 -0.4688
k 82 101 -0.4688
k 82 102 0.0781
k 82 103 -0.4688
k 82 111 -0.4688
k 82 113 -0.4688
k 82 116 0.0781
k 82 117 -0.1562
k 82 118 0.1562
k 82 119 0.0781
k 82 120 0.1562
k 82 121 0.1562
k 82 125 -0.1562
k 83 38 0.2344
k 83 41 -0.0781
k 83 42 -0.2031
k 83 43 0.2031
k 83 44 -0.0781
k 83 45 0.2031
k 83 46 -0.0781
k 83 63 -0.0781
k 83 64 0.1562
k 83 65 -0.1562
k 83 83 0.1562
k 83 84 -0.2344
k 83 86 -0.1562
k 83 87 -0.2344
k 83 88 -0.4219
k 83 89 -0.3438
k 83 92 -0.2344
k 83 93 -0.0781
k 83 97 0.2344
k 83 99 0.1562
k 83 100 0.1562
k 83 101 0.1562
k 83 102 -0.2344
k 83 103 0.1562
k 83 111 0.1562
k 83 113 0.1562
k 83 115 0.1562
k 83 116 -0.2344
k 83 118 -0.2344
k 83 119 -0.2344
k 83 120 -0.5781
k 83 121 -0.2344
k 83 125 -0.0781
k 84 38 -0.7031
k 84 41 0.0781
k 84 42 0.0781
k 84 43 -0.5469
k 84 44 -1.8594
k 84 45 -0.5469
k 84 46 -1.8594
k 84 47 -1.7812
k 84 58 -0.1250
k 84 59 -0.1250
k 84 63 0.1562
k 84 64 -1.2344
k 84 65 -2.0000
k 84 67 -0.7031
k 84 71 -0.7031
k 84 74 -2.3594
k 84 79 -0.7031
k 84 81 -0.7031
k 84 83 0.1562
k 84 84 0.1562
k 84 86 0.2344
k 84 89 0.1562
k 84 93 0.0781
k 84 95 -0.4688
k 84 97 -1.6875
k 84 99 -1.8438
k 84 100 -1.8438
k 84 101 -1.8438
k 84 102 -0.3906
k 84 103 -1.8438
k 84 109 -0.7031
k 84 110 -0.7031
k 84 111 -1.8438
k 84 112 -0.7031
k 84 113 -1.8438
k 84 114 -0.7031
k 84 115 -1.0312
k 84 116 -0.3906
k 84 117 -0.6719
k 84 118 -0.7812
k 84 119 -0.8281
k 84 120 -0.6719
k 84 121 -0.7812
k 84 122 -0.5938
k 84 125 0.0781
k 85 44 -0.5156
k 85 46 -0.5156
k 85 47 -0.4688
k 85 65 -0.4219
k 85 74 -0.3125
k 85 115 0.0781
k 86 38 -0.3906
k 86 42 0.1875
k 86 43 -0.5469
k 86 44 -1.7344
k 86 45 -0.5469
k 86 46 -1.7344
k 86 47 -1.1562
k 86 58 -0.1250
k 86 59 -0.1250
k 86 64 -0.7031
k 86 65 -1.8438
k 86 67 -0.5781
k 86 71 -0.5781
k 86 74 -1.9375
k 86 79 -0.5781
k 86 81 -0.5781
k 86 84 0.2344
k 86 86 0.2344
k 86 87 0.1562
k 86 88 0.2344
k 86 89 0.4219
k 86 90 0.2344
k 86 92 0.0781
k 86 95 -0.7031
k 86 97 -0.9688
k 86 99 -1.1094
k 86 100 -1.1094
k 86 101 -1.1094
k 86 102 -0.2344
k 86 103 -1.1094
k 86 109 -0.5781
k 86 110 -0.5781
k 86 111 -1.1094
k 86 112 -0.5781
k 86 113 -1.1094
k 86 114 -0.5781
k 86 115 -0.8125
k 86 116 -0.2344
k 86 117 -0.7031
k 86 118 -0.2344
k 86 119 -0.3438
k 86 120 -0.4219
k 86 121 -0.2344
k 86 122 -0.5781
k 87 38 -0.4219
k 87 44 -1.4219
k 87 46 -1.4219
k 87 47 -0.5469
k 87 64 -0.2656
k 87 65 -0.8594
k 87 67 -0.2344
k 87 71 -0.2344
k 87 74 -1.1094
k 87 79 -0.2344
k 87 81 -0.2344
k 87 83 -0.1562
k 87 86 0.1562
k 87 87 -0.1875
k 87 88 -0.1562
k 87 89 0.1562
k 87 97 -0.7031
k 87 99 -0.7031
k 87 100 -0.7031
k 87 101 -0.7031
k 87 102 -0.2344
k 87 103 -0.7031
k 87 109 -0.2344
k 87 110 -0.2344
k 87 111 -0.7031
k 87 112 -0.2344
k 87 113 -0.7031
k 87 114 -0.2344
k 87 115 -0.4219
k 87 116 -0.2344
k 87 117 -0.2344
k 87 118 -0.1562
k 87 119 -0.2344
k 87 120 -0.2344
k 87 121 -0.2344
k 87 122 -0.4219
k 88 38 -0.4688
k 88 42 -0.5469
k 88 43 -0.6250
k 88 45 -0.6250
k 88 47 0.0781
k 88 63 -0.4219
k 88 64 -0.2812
k 88 65 0.3594
k 88 66 -0.3125
k 88 67 -0.5000
k 88 68 -0.3125
k 88 69 -0.3125
k 88 70 -0.3125
k 88 71 -0.5000
k 88 72 -0.3125
k 88 73 -0.3125
k 88 74 -0.1562
k 88 75 -0.3125
k 88 76 -0.3125
k 88 77 -0.3125
k 88 78 -0.3125
k 88 79 -0.5000
k 88 80 -0.3125
k 88 81 -0.5000
k 88 82 -0.3125
k 88 84 -0.1562
k 88 85 -0.4219
k 88 86 0.1562
k 88 87 -0.1562
k 88 88 0.2344
k 88 89 0.1562
k 88 90 0.1562
k 88 92 -0.1562
k 88 95 0.5469
k 88 97 -0.4219
k 88 99 -0.4219
k 88 100 -0.4219
k 88 101 -0.4219
k 88 102 -0.8125
k 88 103 -0.4219
k 88 111 -0.4219
k 88 113 -0.4219
k 88 115 0.1562
k 88 116 -0.8125
k 88 117 -0.3438
k 88 118 -1.0312
k 88 119 -0.8125
k 88 120 0.2344
k 88 121 -1.0312
k 88 122 0.1562
k 89 38 -0.8281
k 89 43 -0.7031
k 89 44 -1.8594
k 89 45 -0.7031
k 89 46 -1.8594
k 89 47 -1.4219
k 89 58 -0.4688
k 89 59 -0.4688
k 89 64 -1.5000
k 89 65 -2.0000
k 89 67 -1.0312
k 89 71 -1.0312
k 89 74 -2.3594
k 89 79 -1.0312
k 89 81 -1.0312
k 89 83 -0.1875
k 89 84 0.1562
k 89 86 0.4219
k 89 87 0.1562
k 89 88 0.1562
k 89 89 0.2344
k 89 90 0.1562
k 89 92 0.0781
k 89 95 -0.6250
k 89 97 -1.6094
k 89 98 -0.1562
k 89 99 -2.0781
k 89 100 -2.0781
k 89 101 -2.0781
k 89 102 -0.9688
k 89 103 -2.0781
k 89 104 -0.1562
k 89 105 -0.1562
k 89 106 -0.1562
k 89 107 -0.1562
k 89 108 -0.1562
k 89 109 -1.1094
k 89 110 -1.1094
k 89 111 -2.0781
k 89 112 -1.1094
k 89 113 -2.0781
k 89 114 -1.1094
k 89 115 -1.5781
k 89 116 -0.9688
k 89 117 -1.4219
k 89 118 -0.7812
k 89 119 -1.0312
k 89 120 -1.0312
k 89 121 -1.0312
k 89 122 -1.1406
k 90 38 -0.2031
k 90 43 -0.2812
k 90 44 0.0781
k 90 45 -0.2812
k 90 46 0.0781
k 90 58 0.0781
k 90 59 0.0781
k 90 63 0.0781
k 90 65 0.2344
k 90 67 -0.3594
k 90 71 -0.3594
k 90 74 0.1562
k 90 79 -0.3594
k 90 81 -0.3594
k 90 83 0.2344
k 90 84 0.0781
k 90 86 0.2344
k 90 88 0.1562
k 90 89 0.1562
k 90 90 0.1562
k 90 92 -0.0781
k 90 97 0.1562
k 90 99 -0.2812
k 90 100 -0.2812
k 90 101 -0.2812
k 90 102 -0.2344
k 90 103 -0.2812
k 90 111 -0.2812
k 90 113 -0.2812
k 90 115 0.1562
k 90 116 -0.2344
k 90 117 -0.1562
k 90 118 -0.0781
k 90 119 -0.1562
k 90 121 -0.1562
k 90 122 0.1562
k 91 44 -0.2031
k 91 46 -0.2031
k 91 51 -0.0781
k 91 52 -0.4219
k 91 53 -0.0781
k 91 55 0.0781
k 91 56 -0.0781
k 91 57 -0.0781
k 91 67 -0.1562
k 91 71 -0.1562
k 91 74 -0.6250
k 91 79 -0.1562
k 91 81 -0.1562
k 91 84 0.0781
k 91 99 -0.0781
k 91 100 -0.0781
k 91 101 -0.0781
k 91 102 -0.1562
k 91 103 -0.0781
k 91 106 0.7031
k 91 111 -0.0781
k 91 113 -0.0781
k 91 116 -0.1562
k 92 48 -0.4688
k 92 49 -0.8594
k 92 51 -0.1562
k 92 52 -0.5469
k 92 53 -0.1562
k 92 54 -0.4688
k 92 55 -0.6250
k 92 56 -0.1562
k 92 57 -0.1562
k 92 65 0.1562
k 92 67 -0.6250
k 92 71 -0.6250
k 92 79 -0.6250
k 92 81 -0.6250
k 92 84 -1.7031
k 92 85 -0.5469
k 92 86 -1.2344
k 92 87 -0.5469
k 92 89 -1.5469
k 92 92 -2.3281
k 92 97 -0.1562
k 92 99 -0.5000
k 92 100 -0.5000
k 92 101 -0.5000
k 92 102 -0.7812
k 92 103 -0.5000
k 92 106 2.2812
k 92 111 -0.5000
k 92 113 -0.5000
k 92 116 -0.7812
k 92 117 -0.2344
k 92 118 -1.3438
k 92 119 -0.6250
k 92 121 0.8594
k 92 122 0.0781
k 95 84 -0.4688
k 95 86 -0.7031
k 95 89 -0.6250
k 95 98 0.4688
k 95 99 -0.1562
k 95 100 -0.1562
k 95 101 -0.1562
k 95 102 -0.7031
k 95 103 -0.1562
k 95 104 0.4688
k 95 105 0.4688
k 95 106 1.4062
k 95 107 0.4688
k 95 108 0.4688
k 95 111 -0.1562
k 95 112 0.5469
k 95 113 -0.1562
k 95 116 -0.7031
k 95 118 -0.6250
k 95 121 0.2344
k 97 42 -0.2031
k 97 63 -0.6719
k 97 84 -0.9062
k 97 86 -0.3594
k 97 87 -0.2812
k 97 89 -1.0000
k 97 92 -1.1406
k 97 102 -0.2344
k 97 116 -0.2344
k 97 117 -0.0781
k 97 118 -0.4219
k 97 119 -0.1562
k 97 121 -0.1562
k 98 38 0.1562
k 98 41 -0.0781
k 98 42 -0.3906
k 98 43 0.1562
k 98 44 -0.3594
k 98 45 0.1562
k 98 46 -0.3594
k 98 47 -0.5469
k 98 58 -0.0781
k 98 59 -0.0781
k 98 63 -0.9062
k 98 65 -0.4219
k 98 84 -1.8438
k 98 86 -1.1094
k 98 87 -0.7031
k 98 88 -0.7812
k 98 89 -2.0781
k 98 90 -0.2812
k 98 92 -1.6250
k 98 93 -0.0781
k 98 95 -0.1562
k 98 97 0.0781
k 98 102 -0.3906
k 98 116 -0.3906
k 98 118 -0.2344
k 98 119 -0.1562
k 98 120 -0.7031
k 98 121 -0.2344
k 98 122 -0.1875
k 98 125 -0.0781
k 99 38 0.0781
k 99 44 -0.0781
k 99 46 -0.0781
k 99 63 -0.2812
k 99 84 -1.1562
k 99 89 -0.5469
k 99 92 -1.0000
k 99 99 -0.2344
k 99 100 -0.2344
k 99 101 -0.2344
k 99 102 0.1562
k 99 103 -0.2344
k 99 111 -0.2344
k 99 113 -0.2344
k 99 115 0.0781
k 99 116 0.1562
k 99 118 0.1562
k 99 119 0.1562
k 99 122 0.1562
k 100 95 0.5469
k 101 38 0.0781
k 101 42 -0.3594
k 101 43 0.0781
k 101 44 -0.4688
k 101 45 0.0781
k 101 46 -0.4688
k 101 47 -0.2656
k 101 63 -0.9688
k 101 84 -1.4219
k 101 86 -0.8281
k 101 87 -0.4375
k 101 88 -0.3594
k 101 89 -1.4219
k 101 92 -1.6250
k 101 97 -0.0781
k 101 102 -0.2344
k 101 115 0.0781
k 101 116 -0.2344
k 101 118 -0.2344
k 101 119 -0.1562
k 101 120 -0.5781
k 101 121 -0.2344
k 102 42 0.3594
k 102 44 -1.5781
k 102 46 -1.5781
k 102 47 -1.3125
k 102 63 0.1094
k 102 65 -0.6719
k 102 74 -0.7031
k 102 83 0.1562
k 102 95 -0.2812
k 102 97 -0.2656
k 102 99 -0.3594
k 102 100 -0.3594
k 102 101 -0.3594
k 102 102 0.0781
k 102 103 -0.3594
k 102 111 -0.3594
k 102 113 -0.3594
k 102 116 0.0781
k 102 118 0.0781
k 102 121 0.1094
k 103 47 0.2031
k 103 63 -0.2812
k 103 84 -0.7031
k 103 86 -0.5781
k 103 87 -0.2344
k 103 89 -1.1094
k 103 92 -1.1562
k 103 95 0.1562
k 104 42 -0.2031
k 104 63 -0.6719
k 104 84 -0.9062
k 104 86 -0.3594
k 104 87 -0.2812
k 104 89 -1.0000
k 104 92 -1.1406
k 104 102 -0.2344
k 104 116 -0.2344
k 104 117 -0.0781
k 104 118 -0.4219
k 104 119 -0.1562
k 104 121 -0.1562
k 105 95 0.5469
k 106 47 0.2344
k 107 38 -0.2812
k 107 41 -0.1562
k 107 43 -0.6250
k 107 45 -0.6250
k 107 47 0.1562
k 107 63 -0.0781
k 107 64 -0.2812
k 107 84 -0.6719
k 107 89 -0.7031
k 107 92 -0.9375
k 107 93 -0.1562
k 107 97 -0.2344
k 107 99 -0.7031
k 107 100 -0.7031
k 107 101 -0.7031
k 107 102 -0.1562
k 107 103 -0.7031
k 107 111 -0.7031
k 107 113 -0.7031
k 107 115 -0.0781
k 107 116 -0.1562
k 107 117 -0.2344
k 107 120 0.2344
k 107 121 0.0781
k 107 122 0.1562
k 107 125 -0.1562
k 108 95 0.5469
k 109 42 -0.2031
k 109 63 -0.6719
k 109 84 -0.9062
k 109 86 -0.3594
k 109 87 -0.2812
k 109 89 -1.0000
k 109 92 -1.1406
k 109 102 -0.2344
k 109 116 -0.2344
k 109 117 -0.0781
k 109 118 -0.4219
k 109 119 -0.1562
k 109 121 -0.1562
k 110 42 -0.2031
k 110 63 -0.6719
k 110 84 -0.9062
k 110 86 -0.3594
k 110 87 -0.2812
k 110 89 -1.0000
k 110 92 -1.1406
k 110 102 -0.2344
k 110 116 -0.2344
k 110 117 -0.0781
k 110 118 -0.4219
k 110 119 -0.1562
k 110 121 -0.1562
k 111 38 0.1562
k 111 41 -0.0781
k 111 42 -0.3906
k 111 43 0.1562
k 111 44 -0.3594
k 111 45 0.1562
k 111 46 -0.3594
k 111 47 -0.5469
k 111 58 -0.0781
k 111 59 -0.0781
k 111 63 -0.9062
k 111 65 -0.4219
k 111 84 -1.8438
k 111 86 -1.1094
k 111 87 -0.7031
k 111 88 -0.7812
k 111 89 -2.0781
k 111 90 -0.2812
k 111 92 -1.6250
k 111 93 -0.0781
k 111 95 -0.1562
k 111 97 0.0781
k 111 102 -0.3906
k 111 116 -0.3906
k 111 118 -0.2344
k 111 119 -0.1562
k 111 120 -0.7031
k 111 121 -0.2344
k 111 122 -0.1875
k 111 125 -0.0781
k 112 38 0.1562
k 112 41 -0.0781
k 112 42 -0.3906
k 112 43 0.1562
k 112 44 -0.3594
k 112 45 0.1562
k 112 46 -0.3594
k 112 47 -0.5469
k 112 58 -0.0781
k 112 59 -0.0781
k 112 63 -0.9062
k 112 65 -0.4219
k 112 84 -1.8438
k 112 86 -1.1094
k 112 87 -0.7031
k 112 88 -0.7812
k 112 89 -2.0781
k 112 90 -0.2812
k 112 92 -1.6250
k 112 93 -0.0781
k 112 95 -0.1562
k 112 97 0.0781
k 112 102 -0.3906
k 112 116 -0.3906
k 112 118 -0.2344
k 112 119 -0.1562
k 112 120 -0.7031
k 112 121 -0.2344
k 112 122 -0.1875
k 112 125 -0.0781
k 113 47 0.6250
k 113 63 -0.2812
k 113 84 -0.7031
k 113 86 -0.5781
k 113 87 -0.2344
k 113 89 -1.1094
k 113 92 -1.1562
k 113 95 0.1562
k 114 38 -0.5469
k 114 41 -0.0781
k 114 43 -0.2812
k 114 44 -1.5000
k 114 45 -0.2812
k 114 46 -1.5000
k 114 47 -1.6562
k 114 58 0.0781
k 114 59 0.0781
k 114 64 -0.5469
k 114 92 -0.8281
k 114 93 -0.0781
k 114 97 -0.2812
k 114 99 -0.3906
k 114 100 -0.3906
k 114 101 -0.3906
k 114 103 -0.3906
k 114 111 -0.3906
k 114 113 -0.3906
k 114 117 -0.0781
k 114 118 0.2344
k 114 119 0.0781
k 114 121 0.1562
k 114 125 -0.0781
k 115 38 0.2344
k 115 42 -0.1875
k 115 44 -0.0781
k 115 46 -0.0781
k 115 47 -0.0781
k 115 63 -0.4688
k 115 84 -1.0312
k 115 86 -0.7031
k 115 87 -0.4219
k 115 89 -1.1094
k 115 92 -1.1562
k 115 97 0.0781
k 115 99 0.0781
k 115 100 0.0781
k 115 101 0.0781
k 115 102 -0.1562
k 115 103 0.0781
k 115 111 0.0781
k 115 113 0.0781
k 115 116 -0.1562
k 115 120 -0.2344
k 115 121 -0.1562
k 116 33 0.0781
k 116 43 -0.0781
k 116 45 -0.0781
k 116 58 0.0781
k 116 59 0.0781
k 116 63 0.1562
k 116 84 -0.2812
k 116 87 -0.2031
k 116 89 -0.5469
k 116 92 -0.8281
k 116 95 0.4375
k 116 98 0.1562
k 116 99 -0.1250
k 116 100 -0.1250
k 116 101 -0.1250
k 116 102 0.1562
k 116 103 -0.1250
k 116 104 0.1562
k 116 105 0.1562
k 116 106 0.1562
k 116 107 0.1562
k 116 108 0.1562
k 116 111 -0.1250
k 116 113 -0.1250
k 116 115 0.1562
k 116 116 0.1562
k 116 118 0.2344
k 116 119 0.1562
k 116 120 0.1562
k 116 121 0.1562
k 116 122 0.1562
k 117 47 0.2031
k 117 63 -0.2812
k 117 84 -0.7031
k 117 86 -0.5781
k 117 87 -0.2344
k 117 89 -1.1094
k 117 92 -1.1562
k 117 95 0.1562
k 118 38 -0.1562
k 118 42 0.1875
k 118 44 -1.1875
k 118 46 -1.1875
k 118 47 -1.1406
k 118 58 0.0781
k 118 59 0.0781
k 118 63 0.1562
k 118 64 -0.2656
k 118 65 -1.3438
k 118 84 -0.7812
k 118 86 -0.2344
k 118 87 -0.1562
k 118 88 -1.0312
k 118 89 -0.7812
k 118 90 -0.0781
k 118 92 -0.5469
k 118 95 -0.7031
k 118 97 -0.2812
k 118 99 -0.2344
k 118 100 -0.2344
k 118 101 -0.2344
k 118 102 0.2344
k 118 103 -0.2344
k 118 111 -0.2344
k 118 113 -0.2344
k 118 116 0.2344
k 118 117 -0.1562
k 118 118 0.3438
k 118 119 0.1875
k 118 120 0.1875
k 118 121 0.1875
k 118 122 0.0781
k 119 38 -0.0781
k 119 42 0.0781
k 119 44 -0.6250
k 119 46 -0.6250
k 119 47 -0.5469
k 119 58 0.0781
k 119 59 0.0781
k 119 63 0.1562
k 119 64 -0.0781
k 119 65 -0.7031
k 119 84 -0.8281
k 119 86 -0.3438
k 119 87 -0.2344
k 119 88 -0.8125
k 119 89 -1.0312
k 119 90 -0.0781
k 119 92 -0.7031
k 119 97 -0.1094
k 119 99 -0.1562
k 119 100 -0.1562
k 119 101 -0.1562
k 119 102 0.1562
k 119 103 -0.1562
k 119 111 -0.1562
k 119 113 -0.1562
k 119 116 0.1562
k 119 118 0.1875
k 119 119 0.1562
k 119 121 0.1875
k 120 38 -0.2812
k 120 41 -0.1562
k 120 43 -0.6250
k 120 45 -0.6250
k 120 47 0.1562
k 120 63 -0.0781
k 120 64 -0.2812
k 120 84 -0.6719
k 120 89 -0.7031
k 120 92 -0.9375
k 120 93 -0.1562
k 120 97 -0.2344
k 120 99 -0.7031
k 120 100 -0.7031
k 120 101 -0.7031
k 120 102 -0.1562
k 120 103 -0.7031
k 120 111 -0.7031
k 120 113 -0.7031
k 120 115 -0.0781
k 120 116 -0.1562
k 120 117 -0.2344
k 120 120 0.2344
k 120 121 0.0781
k 120 122 0.0781
k 120 125 -0.1562
k 121 38 -0.1562
k 121 42 0.1875
k 121 44 -1.1875
k 121 46 -1.1875
k 121 47 -1.1406
k 121 58 0.0781
k 121 59 0.0781
k 121 63 0.1562
k 121 64 -0.2656
k 121 65 -1.3438
k 121 84 -0.7812
k 121 86 -0.2344
k 121 87 -0.1562
k 121 88 -1.0312
k 121 89 -0.7812
k 121 90 -0.0781
k 121 92 -0.5469
k 121 95 -0.7031
k 121 97 -0.2812
k 121 99 -0.2344
k 121 100 -0.2344
k 121 101 -0.2344
k 121 102 0.2344
k 121 103 -0.2344
k 121 111 -0.2344
k 121 113 -0.2344
k 121 116 0.2344
k 121 117 -0.1562
k 121 118 0.3438
k 121 119 0.1875
k 121 120 0.1875
k 121 121 0.1875
k 121 122 0.0781
k 122 38 -0.0781
k 122 43 -0.2812
k 122 45 -0.2812
k 122 63 -0.0781
k 122 84 -0.5938
k 122 86 -0.5781
k 122 87 -0.4219
k 122 89 -1.1406
k 122 92 -0.8594
k 122 99 -0.2344
k 122 100 -0.2344
k 122 101 -0.2344
k 122 103 -0.2344
k 122 111 -0.2344
k 122 113 -0.2344
k 122 118 0.0781
k 122 120 0.0781
k 122 121 0.0781
k 122 122 0.0781
k 123 44 -0.2031
k 123 46 -0.2031
k 123 51 -0.0781
k 123 52 -0.4219
k 123 53 -0.0781
k 123 55 0.0781
k 123 56 -0.0781
k 123 57 -0.0781
k 123 67 -0.1562
k 123 71 -0.1562
k 123 74 -0.6250
k 123 79 -0.1562
k 123 81 -0.1562
k 123 84 0.0781
k 123 99 -0.0781
k 123 100 -0.0781
k 123 101 -0.0781
k 123 102 -0.1562
k 123 103 -0.0781
k 123 106 0.7031
k 123 111 -0.0781
k 123 113 -0.0781
k 123 116 -0.1562
