size 15.0
atlas 512 256
metrics 16 5
subpixels 4
g 32 0 0 0 0 0 0 0 3.1875
g 32 1 0 0 0 0 0 0 3.1875
g 32 2 0 0 0 0 0 0 3.1875
g 32 3 0 0 0 0 0 0 3.1875
g 33 0 1 1 7 15 -1 -13 3.0938
g 33 1 9 1 7 15 -1 -13 3.0938
g 33 2 17 1 7 15 -1 -13 3.0938
g 33 3 25 1 7 15 -1 -13 3.0938
g 34 0 33 1 9 14 -1 -13 5.0938
g 34 1 43 1 9 14 -1 -13 5.0938
g 34 2 53 1 9 14 -1 -13 5.0938
g 34 3 63 1 9 14 -1 -13 5.0938
g 35 0 73 1 14 14 -1 -13 10.5156
g 35 1 88 1 14 14 -1 -13 10.5156
g 35 2 103 1 14 14 -1 -13 10.5156
g 35 3 118 1 14 14 -1 -13 10.5156
g 36 0 133 1 12 17 -1 -14 8.5938
g 36 1 146 1 12 17 -1 -14 8.5938
g 36 2 159 1 12 17 -1 -14 8.5938
g 36 3 172 1 12 17 -1 -14 8.5938
g 37 0 185 1 15 15 -1 -13 11.2344
g 37 1 201 1 15 15 -1 -13 11.2344
g 37 2 217 1 15 15 -1 -13 11.2344
g 37 3 233 1 15 15 -1 -13 11.2344
g 38 0 249 1 13 15 -1 -13 9.8906
g 38 1 263 1 13 15 -1 -13 9.8906
g 38 2 277 1 13 15 -1 -13 9.8906
g 38 3 291 1 13 15 -1 -13 9.8906
g 39 0 305 1 7 14 -1 -13 3.0312
g 39 1 313 1 7 14 -1 -13 3.0312
g 39 2 321 1 7 14 -1 -13 3.0312
g 39 3 329 1 7 14 -1 -13 3.0312
g 40 0 337 1 9 18 -1 -13 5.8906
g 40 1 347 1 9 18 -1 -13 5.8906
g 40 2 357 1 9 18 -1 -13 5.8906
g 40 3 367 1 9 18 -1 -13 5.8906
g 41 0 377 1 9 18 -1 -13 5.8906
g 41 1 387 1 9 18 -1 -13 5.8906
g 41 2 397 1 9 18 -1 -13 5.8906
g 41 3 407 1 9 18 -1 -13 5.8906
g 42 0 417 1 10 14 -1 -13 6.7812
g 42 1 428 1 10 14 -1 -13 6.7812
g 42 2 439 1 10 14 -1 -13 6.7812
g 42 3 450 1 10 14 -1 -13 6.7812
g 43 0 461 1 12 12 -1 -11 9.0000
g 43 1 474 1 12 12 -1 -11 9.0000
g 43 2 487 1 12 12 -1 -11 9.0000
g 43 3 1 20 12 12 -1 -11 9.0000
g 44 0 14 20 7 7 -1 -3 3.7500
g 44 1 22 20 7 7 -1 -3 3.7500
g 44 2 30 20 7 7 -1 -3 3.7500
g 44 3 38 20 7 7 -1 -3 3.7500
g 45 0 46 20 10 8 -1 -7 6.7344
g 45 1 57 20 10 8 -1 -7 6.7344
g 45 2 68 20 10 8 -1 -7 6.7344
g 45 3 79 20 10 8 -1 -7 6.7344
g 46 0 90 20 7 5 -1 -3 3.7500
g 46 1 98 20 7 5 -1 -3 3.7500
g 46 2 106 20 7 5 -1 -3 3.7500
g 46 3 114 20 7 5 -1 -3 3.7500
g 47 0 122 20 13 18 -3 -13 7.0000
g 47 1 136 20 13 18 -3 -13 7.0000
g 47 2 150 20 13 18 -3 -13 7.0000
g 47 3 164 20 13 18 -3 -13 7.0000
g 48 0 178 20 13 15 -1 -13 9.9844
g 48 1 192 20 13 15 -1 -13 9.9844
g 48 2 206 20 13 15 -1 -13 9.9844
g 48 3 220 20 13 15 -1 -13 9.9844
g 49 0 234 20 8 14 -1 -13 4.5000
g 49 1 243 20 8 14 -1 -13 4.5000
g 49 2 252 20 8 14 -1 -13 4.5000
g 49 3 261 20 8 14 -1 -13 4.5000
g 50 0 270 20 12 14 -1 -13 9.0000
g 50 1 283 20 12 14 -1 -13 9.0000
g 50 2 296 20 12 14 -1 -13 9.0000
g 50 3 309 20 12 14 -1 -13 9.0000
g 51 0 322 20 12 15 -1 -13 9.0000
g 51 1 335 20 12 15 -1 -13 9.0000
g 51 2 348 20 12 15 -1 -13 9.0000
g 51 3 361 20 12 15 -1 -13 9.0000
g 52 0 374 20 13 14 -1 -13 9.4375
g 52 1 388 20 13 14 -1 -13 9.4375
g 52 2 402 20 13 14 -1 -13 9.4375
g 52 3 416 20 13 14 -1 -13 9.4375
g 53 0 430 20 12 15 -1 -13 9.0000
g 53 1 443 20 12 15 -1 -13 9.0000
g 53 2 456 20 12 15 -1 -13 9.0000
g 53 3 469 20 12 15 -1 -13 9.0000
g 54 0 482 20 12 15 -1 -13 9.0000
g 54 1 495 20 12 15 -1 -13 9.0000
g 54 2 1 39 12 15 -1 -13 9.0000
g 54 3 14 39 12 15 -1 -13 9.0000
g 55 0 27 39 12 14 -1 -13 9.0000
g 55 1 40 39 12 14 -1 -13 9.0000
g 55 2 53 39 12 14 -1 -13 9.0000
g 55 3 66 39 12 14 -1 -13 9.0000
g 56 0 79 39 12 15 -1 -13 9.0000
g 56 1 92 39 12 15 -1 -13 9.0000
g 56 2 105 39 12 15 -1 -13 9.0000
g 56 3 118 39 12 15 -1 -13 9.0000
g 57 0 131 39 13 15 -1 -13 9.2344
g 57 1 145 39 13 15 -1 -13 9.2344
g 57 2 159 39 13 15 -1 -13 9.2344
g 57 3 173 39 13 15 -1 -13 9.2344
g 58 0 187 39 7 12 -1 -10 3.7500
g 58 1 195 39 7 12 -1 -10 3.7500
g 58 2 203 39 7 12 -1 -10 3.7500
g 58 3 211 39 7 12 -1 -10 3.7500
g 59 0 219 39 7 14 -1 -10 3.7500
g 59 1 227 39 7 14 -1 -10 3.7500
g 59 2 235 39 7 14 -1 -10 3.7500
g 59 3 243 39 7 14 -1 -10 3.7500
g 60 0 251 39 12 12 -1 -11 9.0000
g 60 1 264 39 12 12 -1 -11 9.0000
g 60 2 277 39 12 12 -1 -11 9.0000
g 60 3 290 39 12 12 -1 -11 9.0000
g 61 0 303 39 12 10 -1 -9 9.0000
g 61 1 316 39 12 10 -1 -9 9.0000
g 61 2 329 39 12 10 -1 -9 9.0000
g 61 3 342 39 12 10 -1 -9 9.0000
g 62 0 355 39 12 12 -1 -11 9.0000
g 62 1 368 39 12 12 -1 -11 9.0000
g 62 2 381 39 12 12 -1 -11 9.0000
g 62 3 394 39 12 12 -1 -11 9.0000
g 63 0 407 39 11 15 -1 -13 7.6562
g 63 1 419 39 11 15 -1 -13 7.6562
g 63 2 431 39 11 15 -1 -13 7.6562
g 63 3 443 39 11 15 -1 -13 7.6562
g 64 0 455 39 15 15 -1 -11 11.6719
g 64 1 471 39 15 15 -1 -11 11.6719
g 64 2 487 39 15 15 -1 -11 11.6719
g 64 3 1 55 15 15 -1 -11 11.6719
g 65 0 17 55 14 14 -1 -13 10.3281
g 65 1 32 55 14 14 -1 -13 10.3281
g 65 2 47 55 14 14 -1 -13 10.3281
g 65 3 62 55 14 14 -1 -13 10.3281
g 66 0 77 55 13 14 -1 -13 9.9531
g 66 1 91 55 13 14 -1 -13 9.9531
g 66 2 105 55 13 14 -1 -13 9.9531
g 66 3 119 55 13 14 -1 -13 9.9531
g 67 0 133 55 14 15 -1 -13 10.8125
g 67 1 148 55 14 15 -1 -13 10.8125
g 67 2 163 55 14 15 -1 -13 10.8125
g 67 3 178 55 14 15 -1 -13 10.8125
g 68 0 193 55 14 14 -1 -13 10.8438
g 68 1 208 55 14 14 -1 -13 10.8438
g 68 2 223 55 14 14 -1 -13 10.8438
g 68 3 238 55 14 14 -1 -13 10.8438
g 69 0 253 55 13 14 -1 -13 9.3281
g 69 1 267 55 13 14 -1 -13 9.3281
g 69 2 281 55 13 14 -1 -13 9.3281
g 69 3 295 55 13 14 -1 -13 9.3281
g 70 0 309 55 13 14 -1 -13 9.1875
g 70 1 323 55 13 14 -1 -13 9.1875
g 70 2 337 55 13 14 -1 -13 9.1875
g 70 3 351 55 13 14 -1 -13 9.1875
g 71 0 365 55 15 15 -1 -13 11.8281
g 71 1 381 55 15 15 -1 -13 11.8281
g 71 2 397 55 15 15 -1 -13 11.8281
g 71 3 413 55 15 15 -1 -13 11.8281
g 72 0 429 55 14 14 -1 -13 10.7812
g 72 1 444 55 14 14 -1 -13 10.7812
g 72 2 459 55 14 14 -1 -13 10.7812
g 72 3 474 55 14 14 -1 -13 10.7812
g 73 0 489 55 7 14 -1 -13 3.5781
g 73 1 497 55 7 14 -1 -13 3.5781
g 73 2 1 71 7 14 -1 -13 3.5781
g 73 3 9 71 7 14 -1 -13 3.5781
g 74 0 17 71 13 15 -1 -13 9.1250
g 74 1 31 71 13 15 -1 -13 9.1250
g 74 2 45 71 13 15 -1 -13 9.1250
g 74 3 59 71 13 15 -1 -13 9.1250
g 75 0 73 71 13 14 -1 -13 9.4844
g 75 1 87 71 13 14 -1 -13 9.4844
g 75 2 101 71 13 14 -1 -13 9.4844
g 75 3 115 71 13 14 -1 -13 9.4844
g 76 0 129 71 13 14 -1 -13 9.1250
g 76 1 143 71 13 14 -1 -13 9.1250
g 76 2 157 71 13 14 -1 -13 9.1250
g 76 3 171 71 13 14 -1 -13 9.1250
g 77 0 185 71 16 14 -1 -13 12.8125
g 77 1 202 71 16 14 -1 -13 12.8125
g 77 2 219 71 16 14 -1 -13 12.8125
g 77 3 236 71 16 14 -1 -13 12.8125
g 78 0 253 71 14 14 -1 -13 10.9375
g 78 1 268 71 14 14 -1 -13 10.9375
g 78 2 283 71 14 14 -1 -13 10.9375
g 78 3 298 71 14 14 -1 -13 10.9375
g 79 0 313 71 16 15 -1 -13 12.1562
g 79 1 330 71 16 15 -1 -13 12.1562
g 79 2 347 71 16 15 -1 -13 12.1562
g 79 3 364 71 16 15 -1 -13 12.1562
g 80 0 381 71 13 14 -1 -13 9.8125
g 80 1 395 71 13 14 -1 -13 9.8125
g 80 2 409 71 13 14 -1 -13 9.8125
g 80 3 423 71 13 14 -1 -13 9.8125
g 81 0 437 71 16 15 -1 -13 12.1562
g 81 1 454 71 16 15 -1 -13 12.1562
g 81 2 471 71 16 15 -1 -13 12.1562
g 81 3 488 71 16 15 -1 -13 12.1562
g 82 0 1 87 13 14 -1 -13 9.7812
g 82 1 15 87 13 14 -1 -13 9.7812
g 82 2 29 87 13 14 -1 -13 9.7812
g 82 3 43 87 13 14 -1 -13 9.7812
g 83 0 57 87 13 15 -1 -13 9.0938
g 83 1 71 87 13 15 -1 -13 9.0938
g 83 2 85 87 13 15 -1 -13 9.0938
g 83 3 99 87 13 15 -1 -13 9.0938
g 84 0 113 87 13 14 -1 -13 9.3594
g 84 1 127 87 13 14 -1 -13 9.3594
g 84 2 141 87 13 14 -1 -13 9.3594
g 84 3 155 87 13 14 -1 -13 9.3594
g 85 0 169 87 14 15 -1 -13 10.6250
g 85 1 184 87 14 15 -1 -13 10.6250
g 85 2 199 87 14 15 -1 -13 10.6250
g 85 3 214 87 14 15 -1 -13 10.6250
g 86 0 229 87 14 14 -1 -13 10.3281
g 86 1 244 87 14 14 -1 -13 10.3281
g 86 2 259 87 14 14 -1 -13 10.3281
g 86 3 274 87 14 14 -1 -13 10.3281
g 87 0 289 87 17 14 -1 -13 13.4062
g 87 1 307 87 17 14 -1 -13 13.4062
g 87 2 325 87 17 14 -1 -13 13.4062
g 87 3 343 87 17 14 -1 -13 13.4062
g 88 0 361 87 13 14 -1 -13 9.7500
g 88 1 375 87 13 14 -1 -13 9.7500
g 88 2 389 87 13 14 -1 -13 9.7500
g 88 3 403 87 13 14 -1 -13 9.7500
g 89 0 417 87 13 14 -1 -13 9.7812
g 89 1 431 87 13 14 -1 -13 9.7812
g 89 2 445 87 13 14 -1 -13 9.7812
g 89 3 459 87 13 14 -1 -13 9.7812
g 90 0 473 87 13 14 -1 -13 9.0938
g 90 1 487 87 13 14 -1 -13 9.0938
g 90 2 1 103 13 14 -1 -13 9.0938
g 90 3 15 103 13 14 -1 -13 9.0938
g 91 0 29 103 9 18 -1 -13 5.3438
g 91 1 39 103 9 18 -1 -13 5.3438
g 91 2 49 103 9 18 -1 -13 5.3438
g 91 3 59 103 9 18 -1 -13 5.3438
g 92 0 69 103 12 18 -1 -13 7.0938
g 92 1 82 103 12 18 -1 -13 7.0938
g 92 2 95 103 12 18 -1 -13 7.0938
g 92 3 108 103 12 18 -1 -13 7.0938
g 93 0 121 103 9 18 -1 -13 5.3438
g 93 1 131 103 9 18 -1 -13 5.3438
g 93 2 141 103 9 18 -1 -13 5.3438
g 93 3 151 103 9 18 -1 -13 5.3438
g 94 0 161 103 12 14 -1 -13 8.1719
g 94 1 174 103 12 14 -1 -13 8.1719
g 94 2 187 103 12 14 -1 -13 8.1719
g 94 3 200 103 12 14 -1 -13 8.1719
g 95 0 213 103 11 5 -1 -1 7.2656
g 95 1 225 103 11 5 -1 -1 7.2656
g 95 2 237 103 11 5 -1 -1 7.2656
g 95 3 249 103 11 5 -1 -1 7.2656
g 96 0 261 103 12 14 -1 -13 9.0000
g 96 1 274 103 12 14 -1 -13 9.0000
g 96 2 287 103 12 14 -1 -13 9.0000
g 96 3 300 103 12 14 -1 -13 9.0000
g 97 0 313 103 11 12 -1 -10 7.8438
g 97 1 325 103 11 12 -1 -10 7.8438
g 97 2 337 103 11 12 -1 -10 7.8438
g 97 3 349 103 11 12 -1 -10 7.8438
g 98 0 361 103 12 15 -1 -13 8.9688
g 98 1 374 103 12 15 -1 -13 8.9688
g 98 2 387 103 12 15 -1 -13 8.9688
g 98 3 400 103 12 15 -1 -13 8.9688
g 99 0 413 103 11 12 -1 -10 7.7500
g 99 1 425 103 11 12 -1 -10 7.7500
g 99 2 437 103 11 12 -1 -10 7.7500
g 99 3 449 103 11 12 -1 -10 7.7500
g 100 0 461 103 12 15 -1 -13 8.9688
g 100 1 474 103 12 15 -1 -13 8.9688
g 100 2 487 103 12 15 -1 -13 8.9688
g 100 3 1 122 12 15 -1 -13 8.9688
g 101 0 14 122 12 12 -1 -10 8.5156
g 101 1 27 122 12 12 -1 -10 8.5156
g 101 2 40 122 12 12 -1 -10 8.5156
g 101 3 53 122 12 12 -1 -10 8.5156
g 102 0 66 122 9 15 -1 -14 5.7812
g 102 1 76 122 9 15 -1 -14 5.7812
g 102 2 86 122 9 15 -1 -14 5.7812
g 102 3 96 122 9 15 -1 -14 5.7812
g 103 0 106 122 12 15 -1 -10 8.9062
g 103 1 119 122 12 15 -1 -10 8.9062
g 103 2 132 122 12 15 -1 -10 8.9062
g 103 3 145 122 12 15 -1 -10 8.9062
g 104 0 158 122 12 14 -1 -13 8.3594
g 104 1 171 122 12 14 -1 -13 8.3594
g 104 2 184 122 12 14 -1 -13 8.3594
g 104 3 197 122 12 14 -1 -13 8.3594
g 105 0 210 122 7 14 -1 -13 3.1250
g 105 1 218 122 7 14 -1 -13 3.1250
g 105 2 226 122 7 14 -1 -13 3.1250
g 105 3 234 122 7 14 -1 -13 3.1250
g 106 0 242 122 8 18 -2 -13 3.1250
g 106 1 251 122 8 18 -2 -13 3.1250
g 106 2 260 122 8 18 -2 -13 3.1250
g 106 3 269 122 8 18 -2 -13 3.1250
g 107 0 278 122 11 14 -1 -13 7.6250
g 107 1 290 122 11 14 -1 -13 7.6250
g 107 2 302 122 11 14 -1 -13 7.6250
g 107 3 314 122 11 14 -1 -13 7.6250
g 108 0 326 122 7 14 -1 -13 3.1250
g 108 1 334 122 7 14 -1 -13 3.1250
g 108 2 342 122 7 14 -1 -13 3.1250
g 108 3 350 122 7 14 -1 -13 3.1250
g 109 0 358 122 17 11 -1 -10 13.0156
g 109 1 376 122 17 11 -1 -10 13.0156
g 109 2 394 122 17 11 -1 -10 13.0156
g 109 3 412 122 17 11 -1 -10 13.0156
g 110 0 430 122 12 11 -1 -10 8.3594
g 110 1 443 122 12 11 -1 -10 8.3594
g 110 2 456 122 12 11 -1 -10 8.3594
g 110 3 469 122 12 11 -1 -10 8.3594
g 111 0 482 122 12 12 -1 -10 8.9531
g 111 1 495 122 12 12 -1 -10 8.9531
g 111 2 1 141 12 12 -1 -10 8.9531
g 111 3 14 141 12 12 -1 -10 8.9531
g 112 0 27 141 12 15 -1 -10 8.9688
g 112 1 40 141 12 15 -1 -10 8.9688
g 112 2 53 141 12 15 -1 -10 8.9688
g 112 3 66 141 12 15 -1 -10 8.9688
g 113 0 79 141 12 15 -1 -10 8.9688
g 113 1 92 141 12 15 -1 -10 8.9688
g 113 2 105 141 12 15 -1 -10 8.9688
g 113 3 118 141 12 15 -1 -10 8.9688
g 114 0 131 141 9 11 -1 -10 5.3750
g 114 1 141 141 9 11 -1 -10 5.3750
g 114 2 151 141 9 11 -1 -10 5.3750
g 114 3 161 141 9 11 -1 -10 5.3750
g 115 0 171 141 10 12 -1 -10 6.8281
g 115 1 182 141 10 12 -1 -10 6.8281
g 115 2 193 141 10 12 -1 -10 6.8281
g 115 3 204 141 10 12 -1 -10 6.8281
g 116 0 215 141 9 14 -1 -12 5.6406
g 116 1 225 141 9 14 -1 -12 5.6406
g 116 2 235 141 9 14 -1 -12 5.6406
g 116 3 245 141 9 14 -1 -12 5.6406
g 117 0 255 141 12 12 -1 -10 8.3594
g 117 1 268 141 12 12 -1 -10 8.3594
g 117 2 281 141 12 12 -1 -10 8.3594
g 117 3 294 141 12 12 -1 -10 8.3594
g 118 0 307 141 11 11 -1 -10 7.8906
g 118 1 319 141 11 11 -1 -10 7.8906
g 118 2 331 141 11 11 -1 -10 7.8906
g 118 3 343 141 11 11 -1 -10 7.8906
g 119 0 355 141 14 11 -1 -10 10.7344
g 119 1 370 141 14 11 -1 -10 10.7344
g 119 2 385 141 14 11 -1 -10 10.7344
g 119 3 400 141 14 11 -1 -10 10.7344
g 120 0 415 141 11 11 -1 -10 7.5469
g 120 1 427 141 11 11 -1 -10 7.5469
g 120 2 439 141 11 11 -1 -10 7.5469
g 120 3 451 141 11 11 -1 -10 7.5469
g 121 0 463 141 11 15 -1 -10 7.8438
g 121 1 475 141 11 15 -1 -10 7.8438
g 121 2 487 141 11 15 -1 -10 7.8438
g 121 3 499 141 11 15 -1 -10 7.8438
g 122 0 1 157 11 11 -1 -10 7.0469
g 122 1 13 157 11 11 -1 -10 7.0469
g 122 2 25 157 11 11 -1 -10 7.0469
g 122 3 37 157 11 11 -1 -10 7.0469
g 123 0 49 157 9 18 -1 -13 5.8594
g 123 1 59 157 9 18 -1 -13 5.8594
g 123 2 69 157 9 18 -1 -13 5.8594
g 123 3 79 157 9 18 -1 -13 5.8594
g 124 0 89 157 8 18 -1 -13 4.2812
g 124 1 98 157 8 18 -1 -13 4.2812
g 124 2 107 157 8 18 -1 -13 4.2812
g 124 3 116 157 8 18 -1 -13 4.2812
g 125 0 125 157 9 18 -1 -13 5.8594
g 125 1 135 157 9 18 -1 -13 5.8594
g 125 2 145 157 9 18 -1 -13 5.8594
g 125 3 155 157 9 18 -1 -13 5.8594
g 126 0 165 157 12 10 -1 -9 8.7188
g 126 1 178 157 12 10 -1 -9 8.7188
g 126 2 191 157 12 10 -1 -9 8.7188
g 126 3 204 157 12 10 -1 -9 8.7188
k 38 49 -0.5938
k 38 51 -0.0938
k 38 52 -0.0938
k 38 53 -0.0938
k 38 55 -0.8125
k 38 56 -0.2188
k 38 57 -0.2188
k 38 65 0.1406
k 38 74 -0.0938
k 38 83 -0.1406
k 38 84 -1.2969
k 38 86 -1.0781
k 38 87 -0.4062
k 38 88 0.1094
k 38 89 -1.2969
k 38 90 0.1094
k 38 97 -0.0938
k 38 99 -0.1562
k 38 100 -0.1562
k 38 101 -0.1562
k 38 102 -0.0938
k 38 103 -0.1562
k 38 111 -0.1562
k 38 113 -0.1562
k 38 116 -0.0938
k 38 118 -0.1250
k 38 119 -0.0938
k 38 120 0.1094
k 38 121 -0.0938
k 40 44 -0.3281
k 40 46 -0.3281
k 40 52 -0.2188
k 40 67 -0.0938
k 40 71 -0.0938
k 40 74 -0.4375
k 40 79 -0.0938
k 40 81 -0.0938
k 40 102 -0.0938
k 40 106 0.5625
k 40 116 -0.0938
k 42 44 -0.6562
k 42 46 -0.6562
k 42 50 -0.1406
k 42 52 -1.0625
k 42 56 -0.4219
k 42 65 -1.1719
k 42 67 -0.0625
k 42 71 -0.0625
k 42 74 -1.9688
k 42 79 -0.0625
k 42 81 -0.0625
k 42 86 0.1719
k 42 88 -0.2188
k 42 97 -0.4219
k 42 99 -0.4844
k 42 100 -0.4844
k 42 101 -0.4844
k 42 103 -0.4844
k 42 111 -0.4844
k 42 113 -0.4844
k 42 115 -0.1406
k 42 118 0.1719
k 42 121 0.1719
k 43 49 -0.4531
k 43 50 -0.5781
k 43 51 -0.1250
k 43 53 -0.1250
k 43 55 -0.6719
k 43 57 -0.4219
k 43 65 -0.2188
k 43 67 0.1562
k 43 71 0.1562
k 43 74 -0.6250
k 43 79 0.1562
k 43 81 0.1562
k 43 83 -0.3438
k 43 84 -0.5781
k 43 86 -0.5781
k 43 88 -0.5469
k 43 89 -0.6719
k 43 90 -0.3281
k 43 99 0.1562
k 43 100 0.1562
k 43 101 0.1562
k 43 102 -0.1406
k 43 103 0.1562
k 43 111 0.1562
k 43 113 0.1562
k 43 116 -0.1406
k 43 120 -0.5938
k 43 122 -0.4531
k 44 41 -0.3281
k 44 42 -0.6562
k 44 48 -0.4219
k 44 49 -0.7969
k 44 51 -0.1406
k 44 52 -0.3438
k 44 53 -0.1406
k 44 54 -0.4219
k 44 55 -0.7188
k 44 56 -0.3438
k 44 57 -0.4219
k 44 63 -1.3125
k 44 65 0.1562
k 44 67 -0.6562
k 44 71 -0.6562
k 44 74 -0.1406
k 44 79 -0.6562
k 44 81 -0.6562
k 44 84 -1.8438
k 44 85 -0.5156
k 44 86 -1.7500
k 44 87 -1.4531
k 44 89 -1.8438
k 44 93 -0.3281
k 44 97 -0.1406
k 44 99 -0.4219
k 44 100 -0.4219
k 44 101 -0.4219
k 44 102 -1.0625
k 44 103 -0.4219
k 44 111 -0.4219
k 44 113 -0.4219
k 44 115 -0.1406
k 44 116 -1.0625
k 44 117 -0.4219
k 44 118 -1.1250
k 44 119 -0.5938
k 44 121 -0.9844
k 44 125 -0.3281
k 45 49 -0.4531
k 45 50 -0.5781
k 45 51 -0.1250
k 45 53 -0.1250
k 45 55 -0.6719
k 45 57 -0.4219
k 45 65 -0.2188
k 45 67 0.1562
k 45 71 0.1562
k 45 74 -0.6250
k 45 79 0.1562
k 45 81 0.1562
k 45 83 -0.3438
k 45 84 -0.5781
k 45 86 -0.5781
k 45 88 -0.5469
k 45 89 -0.6719
k 45 90 -0.3281
k 45 99 0.1562
k 45 100 0.1562
k 45 101 0.1562
k 45 102 -0.1406
k 45 103 0.1562
k 45 111 0.1562
k 45 113 0.1562
k 45 116 -0.1406
k 45 120 -0.5938
k 45 122 -0.4531
k 46 41 -0.3281
k 46 42 -0.6562
k 46 48 -0.4219
k 46 49 -0.7969
k 46 51 -0.1406
k 46 52 -0.3438
k 46 53 -0.1406
k 46 54 -0.4219
k 46 55 -0.7188
k 46 56 -0.3438
k 46 57 -0.4219
k 46 63 -1.3125
k 46 65 0.1562
k 46 67 -0.6562
k 46 71 -0.6562
k 46 74 -0.1406
k 46 79 -0.6562
k 46 81 -0.6562
k 46 84 -1.8438
k 46 85 -0.5156
k 46 86 -1.7500
k 46 87 -1.4531
k 46 89 -1.8438
k 46 93 -0.3281
k 46 97 -0.1406
k 46 99 -0.4219
k 46 100 -0.4219
k 46 101 -0.4219
k 46 102 -1.0625
k 46 103 -0.4219
k 46 111 -0.4219
k 46 113 -0.4219
k 46 115 -0.1406
k 46 116 -1.0625
k 46 117 -0.4219
k 46 118 -1.1250
k 46 119 -0.5938
k 46 121 -0.9844
k 46 125 -0.3281
k 47 47 -2.7812
k 47 48 -0.5781
k 47 50 -0.3438
k 47 51 -0.4531
k 47 52 -1.4844
k 47 53 -0.4531
k 47 54 -0.5781
k 47 56 -0.9375
k 47 57 -0.4531
k 47 65 -1.5156
k 47 67 -0.6719
k 47 71 -0.6719
k 47 74 -2.4375
k 47 79 -0.6719
k 47 81 -0.6719
k 47 83 -0.1719
k 47 88 -0.1406
k 47 97 -1.3125
k 47 99 -1.5156
k 47 100 -1.5156
k 47 101 -1.5156
k 47 102 -0.9375
k 47 103 -1.5156
k 47 109 -0.9375
k 47 110 -0.9375
k 47 111 -1.5156
k 47 112 -0.9375
k 47 113 -1.5156
k 47 114 -0.9375
k 47 115 -1.1562
k 47 116 -0.9375
k 47 117 -1.0625
k 47 118 -0.6562
k 47 119 -0.5781
k 47 120 -0.9375
k 47 121 -0.8125
k 47 122 -0.9375
k 48 44 -0.4219
k 48 46 -0.4219
k 48 47 -0.5781
k 48 49 -0.1406
k 48 50 -0.4219
k 48 55 -0.4844
k 48 57 -0.1406
k 48 63 -0.3281
k 48 92 -0.5938
k 50 52 -0.3281
k 50 55 -0.1406
k 50 56 -0.1406
k 50 92 -0.5938
k 51 42 -0.4219
k 51 44 -0.3438
k 51 46 -0.3438
k 51 47 -0.2188
k 51 48 -0.1406
k 51 49 -0.1406
k 51 50 -0.1406
k 51 51 -0.1562
k 51 53 -0.1562
k 51 54 -0.1406
k 51 55 -0.4219
k 51 56 -0.1406
k 51 57 -0.3438
k 51 63 -0.4219
k 51 92 -0.6719
k 52 38 0.2188
k 52 42 -0.6094
k 52 44 -0.1406
k 52 46 -0.1406
k 52 49 -0.2500
k 52 50 -0.2031
k 52 51 -0.2031
k 52 53 -0.2031
k 52 55 -0.4688
k 52 56 -0.1406
k 52 57 -0.4219
k 52 63 -0.6719
k 52 92 -0.8906
k 53 38 0.1406
k 53 42 -0.7031
k 53 44 -0.3281
k 53 46 -0.3281
k 53 47 -0.2188
k 53 49 -0.2188
k 53 50 -0.3281
k 53 51 -0.2188
k 53 53 -0.2188
k 53 55 -0.4531
k 53 56 -0.1406
k 53 57 -0.4531
k 53 63 -0.4844
k 53 92 -0.5781
k 54 38 0.1406
k 54 42 -0.7031
k 54 44 -0.3281
k 54 46 -0.3281
k 54 47 -0.2188
k 54 49 -0.2188
k 54 50 -0.3281
k 54 51 -0.2188
k 54 53 -0.2188
k 54 55 -0.4531
k 54 56 -0.1406
k 54 57 -0.4531
k 54 63 -0.4844
k 54 92 -0.5781
k 55 38 -0.5781
k 55 43 -0.5781
k 55 44 -2.0469
k 55 45 -0.5781
k 55 46 -2.0469
k 55 47 -1.2969
k 55 48 -0.3438
k 55 49 0.1719
k 55 50 0.0938
k 55 52 -1.5000
k 55 54 -0.3438
k 55 55 0.2031
k 55 56 -0.2188
k 55 58 -0.1406
k 55 59 -0.1406
k 55 63 0.2188
k 55 64 -1.0781
k 56 42 -0.4219
k 56 44 -0.3438
k 56 46 -0.3438
k 56 47 -0.2188
k 56 48 -0.1406
k 56 49 -0.1406
k 56 50 -0.1406
k 56 51 -0.1562
k 56 53 -0.1562
k 56 54 -0.1406
k 56 55 -0.4219
k 56 56 -0.1406
k 56 57 -0.3438
k 56 63 -0.4219
k 56 92 -0.6719
k 57 44 -0.4219
k 57 46 -0.4219
k 57 47 -0.5781
k 57 49 -0.1406
k 57 50 -0.4219
k 57 55 -0.4844
k 57 57 -0.1406
k 57 63 -0.3281
k 57 92 -0.5938
k 58 55 -0.2188
k 58 84 -0.1406
k 58 86 -0.1406
k 58 89 -0.4531
k 58 99 -0.1406
k 58 100 -0.1406
k 58 101 -0.1406
k 58 103 -0.1406
k 58 111 -0.1406
k 58 113 -0.1406
k 58 117 -0.1406
k 59 55 -0.2188
k 59 84 -0.1406
k 59 86 -0.1406
k 59 89 -0.4531
k 59 99 -0.1406
k 59 100 -0.1406
k 59 101 -0.1406
k 59 103 -0.1406
k 59 111 -0.1406
k 59 113 -0.1406
k 59 117 -0.1406
k 63 44 -2.1719
k 63 46 -2.1719
k 64 49 -0.4219
k 64 50 -0.4219
k 64 51 -0.0938
k 64 53 -0.0938
k 64 55 -1.0781
k 64 57 -0.0938
k 64 65 -0.4531
k 64 84 -1.1875
k 64 86 -0.6719
k 64 87 -0.1250
k 64 88 -0.5938
k 64 89 -1.2188
k 64 90 -0.0938
k 64 102 -0.1562
k 64 116 -0.1562
k 64 120 -0.4531
k 65 38 0.1406
k 65 42 -1.1719
k 65 43 -0.2188
k 65 44 0.1562
k 65 45 -0.2188
k 65 46 0.1562
k 65 47 0.2188
k 65 63 -1.1719
k 65 64 -0.1562
k 65 65 0.2500
k 65 67 -0.5469
k 65 71 -0.5469
k 65 74 0.2188
k 65 79 -0.5469
k 65 81 -0.5469
k 65 83 0.2188
k 65 84 -1.8906
k 65 85 -0.3906
k 65 86 -1.7344
k 65 87 -0.7188
k 65 88 0.3906
k 65 89 -1.8906
k 65 90 0.2188
k 65 92 -2.0625
k 65 99 -0.3906
k 65 100 -0.3906
k 65 101 -0.3906
k 65 102 -1.0625
k 65 103 -0.3906
k 65 111 -0.3906
k 65 113 -0.3906
k 65 115 0.2188
k 65 116 -1.0625
k 65 117 -0.2188
k 65 118 -1.1719
k 65 119 -0.6719
k 65 120 0.2188
k 65 121 -1.2969
k 65 122 0.2188
k 66 42 -0.5781
k 66 44 -0.4844
k 66 46 -0.4844
k 66 47 -0.2188
k 66 63 -0.4219
k 66 65 -0.1719
k 66 67 -0.1562
k 66 71 -0.1562
k 66 74 -0.2188
k 66 79 -0.1562
k 66 81 -0.1562
k 66 84 -0.2188
k 66 86 -0.3906
k 66 87 -0.3906
k 66 88 -0.3906
k 66 89 -0.6719
k 66 90 -0.2188
k 66 92 -0.6875
k 66 99 -0.1562
k 66 100 -0.1562
k 66 101 -0.1562
k 66 102 -0.2188
k 66 103 -0.1562
k 66 111 -0.1562
k 66 113 -0.1562
k 66 116 -0.2188
k 66 117 -0.1562
k 66 118 -0.1562
k 66 119 -0.1562
k 66 120 -0.3906
k 66 121 -0.2188
k 66 122 -0.2188
k 67 44 -0.1406
k 67 46 -0.1406
k 67 64 -0.3594
k 67 67 -0.2188
k 67 71 -0.2188
k 67 79 -0.2188
k 67 81 -0.2188
k 67 83 0.1562
k 67 84 0.1562
k 67 88 -0.2188
k 67 89 -0.2188
k 67 92 -0.3594
k 67 99 -0.2188
k 67 100 -0.2188
k 67 101 -0.2188
k 67 103 -0.2188
k 67 111 -0.2188
k 67 113 -0.2188
k 67 117 -0.2188
k 68 41 -0.0938
k 68 42 -0.0625
k 68 43 0.1562
k 68 44 -0.6562
k 68 45 0.1562
k 68 46 -0.6562
k 68 47 -0.5469
k 68 63 -0.4844
k 68 65 -0.5469
k 68 74 -0.3906
k 68 84 -0.7344
k 68 86 -0.5469
k 68 87 -0.2188
k 68 88 -1.0312
k 68 89 -0.9688
k 68 90 -0.4219
k 68 92 -0.6719
k 68 93 -0.0938
k 68 97 -0.1562
k 68 115 0.1562
k 68 120 -0.3906
k 68 125 -0.0938
k 69 42 -0.2188
k 69 43 -0.4844
k 69 45 -0.4844
k 69 64 -0.1562
k 69 65 0.2031
k 69 67 -0.6562
k 69 71 -0.6562
k 69 79 -0.6562
k 69 81 -0.6562
k 69 86 0.1406
k 69 99 -0.3906
k 69 100 -0.3906
k 69 101 -0.3906
k 69 102 -0.2188
k 69 103 -0.3906
k 69 111 -0.3906
k 69 113 -0.3906
k 69 116 -0.2188
k 69 117 -0.2188
k 69 118 -0.1562
k 69 119 -0.1406
k 70 38 -1.0781
k 70 43 -0.6562
k 70 44 -2.3750
k 70 45 -0.6562
k 70 46 -2.3750
k 70 47 -2.0781
k 70 58 -0.3438
k 70 59 -0.3438
k 70 64 -1.7031
k 70 65 -1.8906
k 70 67 -0.6719
k 70 71 -0.6719
k 70 74 -2.4531
k 70 79 -0.6719
k 70 81 -0.6719
k 70 86 0.1406
k 70 88 -0.1562
k 70 95 -1.2188
k 70 97 -1.1094
k 70 98 -0.2188
k 70 99 -1.5625
k 70 100 -1.5625
k 70 101 -1.5625
k 70 102 -0.2188
k 70 103 -1.5625
k 70 104 -0.2188
k 70 105 -0.2188
k 70 106 -0.2188
k 70 107 -0.2188
k 70 108 -0.2188
k 70 109 -0.8750
k 70 110 -0.8750
k 70 111 -1.5625
k 70 112 -0.8750
k 70 113 -1.5625
k 70 114 -0.8750
k 70 115 -1.0625
k 70 116 -0.2188
k 70 117 -0.6719
k 70 118 -0.4219
k 70 119 -0.5156
k 70 120 -0.6406
k 70 121 -0.5781
k 70 122 -0.5469
k 71 42 -0.2188
k 71 44 -0.6719
k 71 46 -0.6719
k 71 47 -0.5469
k 71 63 -0.4531
k 71 65 -0.3906
k 71 74 -0.4844
k 71 84 -0.3906
k 71 86 -0.6719
k 71 87 -0.5469
k 71 88 -0.7656
k 71 89 -0.9688
k 71 90 -0.2188
k 71 92 -0.6875
k 71 115 0.1562
k 71 120 -0.5469
k 71 121 -0.2188
k 72 97 -0.1562
k 73 97 -0.1562
k 74 44 -0.5156
k 74 46 -0.5156
k 74 47 -0.4531
k 74 65 -0.3906
k 74 74 -0.3594
k 74 115 0.0781
k 75 38 -0.4531
k 75 42 -0.4688
k 75 43 -0.5469
k 75 45 -0.5469
k 75 47 0.1406
k 75 63 -0.2188
k 75 64 -0.3438
k 75 65 0.3594
k 75 66 -0.1875
k 75 67 -0.7812
k 75 68 -0.1875
k 75 69 -0.1875
k 75 70 -0.1875
k 75 71 -0.7812
k 75 72 -0.1875
k 75 73 -0.1875
k 75 74 -0.0938
k 75 75 -0.1875
k 75 76 -0.1875
k 75 77 -0.1875
k 75 78 -0.1875
k 75 79 -0.7812
k 75 80 -0.1875
k 75 81 -0.7812
k 75 82 -0.1875
k 75 84 -0.1562
k 75 85 -0.3906
k 75 86 0.1562
k 75 87 -0.2188
k 75 88 0.2188
k 75 89 0.1562
k 75 90 0.1562
k 75 92 -0.1562
k 75 95 0.5312
k 75 97 -0.3906
k 75 99 -0.6875
k 75 100 -0.6875
k 75 101 -0.6875
k 75 102 -0.7344
k 75 103 -0.6875
k 75 111 -0.6875
k 75 113 -0.6875
k 75 115 0.1562
k 75 116 -0.7344
k 75 117 -0.5469
k 75 118 -1.0625
k 75 119 -0.7656
k 75 120 0.2188
k 75 121 -1.0625
k 75 122 0.1562
k 76 38 -0.1406
k 76 41 -0.0938
k 76 42 -1.8594
k 76 43 -0.5312
k 76 45 -0.5312
k 76 63 -1.5156
k 76 64 -0.5000
k 76 65 0.3438
k 76 67 -0.9375
k 76 71 -0.9375
k 76 79 -0.9375
k 76 81 -0.9375
k 76 84 -2.2344
k 76 85 -0.5469
k 76 86 -2.3281
k 76 87 -1.1406
k 76 89 -2.2344
k 76 92 -3.2500
k 76 93 -0.0938
k 76 99 -0.4219
k 76 100 -0.4219
k 76 101 -0.4219
k 76 102 -1.1719
k 76 103 -0.4219
k 76 111 -0.4219
k 76 113 -0.4219
k 76 116 -1.1719
k 76 117 -0.4219
k 76 118 -1.3750
k 76 119 -0.6250
k 76 121 -1.3750
k 76 122 0.1562
k 76 125 -0.0938
k 77 97 -0.1562
k 78 97 -0.1562
k 79 41 -0.0938
k 79 42 -0.0625
k 79 43 0.1562
k 79 44 -0.6562
k 79 45 0.1562
k 79 46 -0.6562
k 79 47 -0.5469
k 79 63 -0.4844
k 79 65 -0.5469
k 79 74 -0.3906
k 79 84 -0.7344
k 79 86 -0.5469
k 79 87 -0.2188
k 79 88 -1.0312
k 79 89 -0.9688
k 79 90 -0.4219
k 79 92 -0.6719
k 79 93 -0.0938
k 79 97 -0.1562
k 79 115 0.1562
k 79 120 -0.3906
k 79 125 -0.0938
k 80 38 -0.6562
k 80 41 -0.1250
k 80 43 -0.1406
k 80 44 -2.3750
k 80 45 -0.1406
k 80 46 -2.3750
k 80 47 -1.8594
k 80 64 -0.7344
k 80 65 -1.5156
k 80 74 -2.2344
k 80 83 0.1562
k 80 84 -0.1562
k 80 86 -0.2188
k 80 87 -0.3906
k 80 88 -1.0312
k 80 89 -0.6719
k 80 90 -0.4219
k 80 92 -0.5938
k 80 93 -0.1250
k 80 95 -1.3438
k 80 97 -0.4219
k 80 99 -0.8750
k 80 100 -0.8750
k 80 101 -0.8750
k 80 102 0.0781
k 80 103 -0.8750
k 80 109 -0.0625
k 80 110 -0.0625
k 80 111 -0.8750
k 80 112 -0.0625
k 80 113 -0.8750
k 80 114 -0.0625
k 80 116 0.0781
k 80 117 -0.1562
k 80 118 0.1562
k 80 121 0.1562
k 80 125 -0.1250
k 81 41 -0.0938
k 81 42 -0.0625
k 81 43 0.1562
k 81 44 -0.6562
k 81 45 0.1562
k 81 46 -0.6562
k 81 47 -0.5469
k 81 63 -0.4844
k 81 65 -0.5469
k 81 74 -0.3906
k 81 84 -0.7344
k 81 86 -0.5469
k 81 87 -0.2188
k 81 88 -1.0312
k 81 89 -0.9688
k 81 90 -0.4219
k 81 92 -0.6719
k 81 93 -0.0938
k 81 97 -0.1562
k 81 115 0.1562
k 81 120 -0.3906
k 81 125 -0.0938
k 82 41 -0.0938
k 82 43 -0.3281
k 82 44 -0.1406
k 82 45 -0.3281
k 82 46 -0.1406
k 82 64 -0.3281
k 82 65 0.1562
k 82 84 -0.3281
k 82 86 -0.2188
k 82 87 -0.2500
k 82 89 -0.5469
k 82 92 -0.5781
k 82 93 -0.0938
k 82 97 -0.1562
k 82 99 -0.4531
k 82 100 -0.4531
k 82 101 -0.4531
k 82 102 0.1406
k 82 103 -0.4531
k 82 111 -0.4531
k 82 113 -0.4531
k 82 116 0.1406
k 82 117 -0.1562
k 82 118 0.1562
k 82 119 0.1406
k 82 120 0.1562
k 82 121 0.1562
k 82 125 -0.0938
k 83 38 0.2188
k 83 42 -0.2031
k 83 43 0.2031
k 83 44 -0.1406
k 83 45 0.2031
k 83 46 -0.1406
k 83 64 0.0938
k 83 65 -0.1562
k 83 83 0.1562
k 83 84 -0.2188
k 83 86 -0.1562
k 83 87 -0.2188
k 83 88 -0.3906
k 83 89 -0.2500
k 83 92 -0.2188
k 83 97 0.2188
k 83 99 0.1562
k 83 100 0.1562
k 83 101 0.1562
k 83 102 -0.2188
k 83 103 0.1562
k 83 111 0.1562
k 83 113 0.1562
k 83 115 0.1562
k 83 116 -0.2188
k 83 118 -0.2188
k 83 119 -0.2188
k 83 120 -0.5469
k 83 121 -0.2188
k 84 38 -0.7344
k 84 43 -0.5781
k 84 44 -1.8438
k 84 45 -0.5781
k 84 46 -1.8438
k 84 47 -1.7031
k 84 58 -0.1406
k 84 59 -0.1406
k 84 63 0.0938
k 84 64 -1.1875
k 84 65 -1.8906
k 84 67 -0.7344
k 84 71 -0.7344
k 84 74 -2.2500
k 84 79 -0.7344
k 84 81 -0.7344
k 84 83 0.1562
k 84 84 0.1562
k 84 86 0.2188
k 84 89 0.1562
k 84 95 -0.3906
k 84 97 -1.5938
k 84 99 -1.7344
k 84 100 -1.7344
k 84 101 -1.7344
k 84 102 -0.4844
k 84 103 -1.7344
k 84 109 -0.7344
k 84 110 -0.7344
k 84 111 -1.7344
k 84 112 -0.7344
k 84 113 -1.7344
k 84 114 -0.7344
k 84 115 -0.9688
k 84 116 -0.4844
k 84 117 -0.6562
k 84 118 -0.8594
k 84 119 -0.9375
k 84 120 -0.6562
k 84 121 -0.8594
k 84 122 -0.8125
k 85 44 -0.5156
k 85 46 -0.5156
k 85 47 -0.4531
k 85 65 -0.3906
k 85 74 -0.3594
k 85 115 0.0781
k 86 38 -0.4844
k 86 42 0.1719
k 86 43 -0.5781
k 86 44 -1.7500
k 86 45 -0.5781
k 86 46 -1.7500
k 86 47 -1.1719
k 86 58 -0.1406
k 86 59 -0.1406
k 86 64 -0.6719
k 86 65 -1.7344
k 86 67 -0.5469
k 86 71 -0.5469
k 86 74 -1.8594
k 86 79 -0.5469
k 86 81 -0.5469
k 86 84 0.2188
k 86 86 0.2188
k 86 87 0.1562
k 86 88 0.2188
k 86 89 0.3906
k 86 90 0.2188
k 86 95 -0.6719
k 86 97 -0.9219
k 86 99 -0.9844
k 86 100 -0.9844
k 86 101 -0.9844
k 86 102 -0.2188
k 86 103 -0.9844
k 86 109 -0.4844
k 86 110 -0.4844
k 86 111 -0.9844
k 86 112 -0.4844
k 86 113 -0.9844
k 86 114 -0.4844
k 86 115 -0.7656
k 86 116 -0.2188
k 86 117 -0.6719
k 86 118 -0.2188
k 86 119 -0.2500
k 86 120 -0.3906
k 86 121 -0.2188
k 86 122 -0.5469
k 87 38 -0.3906
k 87 44 -1.4531
k 87 46 -1.4531
k 87 47 -0.4688
k 87 64 -0.1250
k 87 65 -0.7188
k 87 67 -0.2188
k 87 71 -0.2188
k 87 74 -0.9375
k 87 79 -0.2188
k 87 81 -0.2188
k 87 83 -0.1562
k 87 86 0.1562
k 87 87 -0.1719
k 87 88 -0.1562
k 87 89 0.1562
k 87 97 -0.6719
k 87 99 -0.6719
k 87 100 -0.6719
k 87 101 -0.6719
k 87 102 -0.2188
k 87 103 -0.6719
k 87 109 -0.2188
k 87 110 -0.2188
k 87 111 -0.6719
k 87 112 -0.2188
k 87 113 -0.6719
k 87 114 -0.2188
k 87 115 -0.3906
k 87 116 -0.2188
k 87 117 -0.2188
k 87 118 -0.1562
k 87 119 -0.2188
k 87 120 -0.2188
k 87 121 -0.2188
k 87 122 -0.3906
k 88 38 -0.4531
k 88 42 -0.4688
k 88 43 -0.5469
k 88 45 -0.5469
k 88 47 0.1406
k 88 63 -0.2188
k 88 64 -0.3438
k 88 65 0.3594
k 88 66 -0.1875
k 88 67 -0.1406
k 88 68 -0.1875
k 88 69 -0.1875
k 88 70 -0.1875
k 88 71 -0.1406
k 88 72 -0.1875
k 88 73 -0.1875
k 88 74 -0.0938
k 88 75 -0.1875
k 88 76 -0.1875
k 88 77 -0.1875
k 88 78 -0.1875
k 88 79 -0.1406
k 88 80 -0.1875
k 88 81 -0.1406
k 88 82 -0.1875
k 88 84 -0.1562
k 88 85 -0.3906
k 88 86 0.1562
k 88 87 -0.1562
k 88 88 0.2188
k 88 89 0.1562
k 88 90 0.1562
k 88 92 -0.1562
k 88 95 0.5312
k 88 97 -0.3906
k 88 99 -0.1094
k 88 100 -0.1094
k 88 101 -0.1094
k 88 102 -0.7656
k 88 103 -0.1094
k 88 111 -0.1094
k 88 113 -0.1094
k 88 115 0.1562
k 88 116 -0.7656
k 88 117 -0.0938
k 88 118 -0.9688
k 88 119 -0.7656
k 88 120 0.2188
k 88 121 -0.9688
k 88 122 0.1562
k 89 38 -0.8750
k 89 43 -0.6719
k 89 44 -1.8438
k 89 45 -0.6719
k 89 46 -1.8438
k 89 47 -1.2969
k 89 58 -0.4531
k 89 59 -0.4531
k 89 64 -1.3125
k 89 65 -1.8906
k 89 67 -0.9688
k 89 71 -0.9688
k 89 74 -2.0312
k 89 79 -0.9688
k 89 81 -0.9688
k 89 83 -0.1719
k 89 84 0.1562
k 89 86 0.3906
k 89 87 0.1562
k 89 88 0.1562
k 89 89 0.2188
k 89 90 0.1562
k 89 95 -0.5469
k 89 97 -1.5156
k 89 98 -0.1562
k 89 99 -1.8438
k 89 100 -1.8438
k 89 101 -1.8438
k 89 102 -0.7969
k 89 103 -1.8438
k 89 104 -0.1562
k 89 105 -0.1562
k 89 106 -0.1562
k 89 107 -0.1562
k 89 108 -0.1562
k 89 109 -0.9844
k 89 110 -0.9844
k 89 111 -1.8438
k 89 112 -0.9844
k 89 113 -1.8438
k 89 114 -0.9844
k 89 115 -1.3906
k 89 116 -0.7969
k 89 117 -1.2969
k 89 118 -0.7500
k 89 119 -0.9688
k 89 120 -0.9688
k 89 121 -0.9688
k 89 122 -1.0625
k 90 38 -0.3281
k 90 43 -0.4531
k 90 45 -0.4531
k 90 65 0.2188
k 90 67 -0.4219
k 90 71 -0.4219
k 90 74 0.1562
k 90 79 -0.4219
k 90 81 -0.4219
k 90 83 0.2188
k 90 86 0.2188
k 90 88 0.1562
k 90 89 0.1562
k 90 90 0.1562
k 90 92 -0.1406
k 90 97 0.1562
k 90 99 -0.3438
k 90 100 -0.3438
k 90 101 -0.3438
k 90 102 -0.2188
k 90 103 -0.3438
k 90 111 -0.3438
k 90 113 -0.3438
k 90 115 0.1562
k 90 116 -0.2188
k 90 117 -0.1562
k 90 118 -0.1406
k 90 119 -0.1562
k 90 121 -0.1562
k 90 122 0.1562
k 91 44 -0.3281
k 91 46 -0.3281
k 91 52 -0.2188
k 91 67 -0.0938
k 91 71 -0.0938
k 91 74 -0.4375
k 91 79 -0.0938
k 91 81 -0.0938
k 91 102 -0.0938
k 91 106 0.5625
k 91 116 -0.0938
k 92 48 -0.4531
k 92 49 -0.7188
k 92 51 -0.0938
k 92 52 -0.4688
k 92 53 -0.0938
k 92 54 -0.4531
k 92 55 -0.5469
k 92 56 -0.0938
k 92 57 -0.0938
k 92 65 0.0938
k 92 67 -0.5469
k 92 71 -0.5469
k 92 79 -0.5469
k 92 81 -0.5469
k 92 84 -1.7500
k 92 85 -0.5781
k 92 86 -1.1875
k 92 87 -0.4688
k 92 89 -1.4844
k 92 92 -2.4062
k 92 97 -0.0938
k 92 99 -0.4062
k 92 100 -0.4062
k 92 101 -0.4062
k 92 102 -0.6875
k 92 103 -0.4062
k 92 106 2.0156
k 92 111 -0.4062
k 92 113 -0.4062
k 92 116 -0.6875
k 92 117 -0.2188
k 92 118 -1.1719
k 92 119 -0.5469
k 92 121 0.9375
k 95 84 -0.3906
k 95 86 -0.6719
k 95 89 -0.5469
k 95 98 0.3906
k 95 99 -0.1562
k 95 100 -0.1562
k 95 101 -0.1562
k 95 102 -0.6719
k 95 103 -0.1562
k 95 104 0.3906
k 95 105 0.3906
k 95 106 1.0156
k 95 107 0.3906
k 95 108 0.3906
k 95 111 -0.1562
k 95 112 0.5312
k 95 113 -0.1562
k 95 116 -0.6719
k 95 118 -0.5469
k 95 121 0.1719
k 97 42 -0.3281
k 97 63 -0.6562
k 97 84 -0.9375
k 97 86 -0.3594
k 97 87 -0.3438
k 97 89 -1.0156
k 97 92 -1.0625
k 97 102 -0.2188
k 97 116 -0.2188
k 97 117 -0.0781
k 97 118 -0.3906
k 97 119 -0.1562
k 97 121 -0.1562
k 98 38 0.1562
k 98 42 -0.4844
k 98 43 0.1562
k 98 44 -0.4219
k 98 45 0.1562
k 98 46 -0.4219
k 98 47 -0.4688
k 98 58 -0.1406
k 98 59 -0.1406
k 98 63 -0.8906
k 98 65 -0.3906
k 98 84 -1.7344
k 98 86 -0.9844
k 98 87 -0.6719
k 98 88 -0.6875
k 98 89 -1.8438
k 98 90 -0.3438
k 98 92 -1.6250
k 98 95 -0.1562
k 98 97 0.0781
k 98 102 -0.4844
k 98 116 -0.4844
k 98 118 -0.2188
k 98 119 -0.1562
k 98 120 -0.6719
k 98 121 -0.2188
k 98 122 -0.1719
k 99 38 0.1406
k 99 44 -0.1406
k 99 46 -0.1406
k 99 63 -0.4531
k 99 84 -1.1719
k 99 89 -0.5312
k 99 92 -1.0156
k 99 99 -0.2188
k 99 100 -0.2188
k 99 101 -0.2188
k 99 102 0.1562
k 99 103 -0.2188
k 99 111 -0.2188
k 99 113 -0.2188
k 99 115 0.0781
k 99 116 0.1562
k 99 118 0.1562
k 99 119 0.1562
k 99 122 0.1562
k 100 95 0.5312
k 101 42 -0.4219
k 101 44 -0.4531
k 101 46 -0.4531
k 101 47 -0.1250
k 101 63 -0.9219
k 101 84 -1.6250
k 101 86 -0.8750
k 101 87 -0.5000
k 101 88 -0.3594
k 101 89 -1.3438
k 101 92 -1.6250
k 101 97 -0.1406
k 101 102 -0.2188
k 101 115 0.0781
k 101 116 -0.2188
k 101 118 -0.2188
k 101 119 -0.1562
k 101 120 -0.5469
k 101 121 -0.2188
k 102 42 0.3594
k 102 44 -1.5000
k 102 46 -1.5000
k 102 47 -1.2656
k 102 63 0.0938
k 102 65 -0.6562
k 102 74 -0.6719
k 102 83 0.1562
k 102 95 -0.3438
k 102 97 -0.2344
k 102 99 -0.3594
k 102 100 -0.3594
k 102 101 -0.3594
k 102 102 0.1406
k 102 103 -0.3594
k 102 111 -0.3594
k 102 113 -0.3594
k 102 116 0.1406
k 102 118 0.0781
k 102 121 0.0938
k 103 47 0.3281
k 103 63 -0.3438
k 103 84 -0.7344
k 103 86 -0.4844
k 103 87 -0.2188
k 103 89 -0.9844
k 103 92 -1.1719
k 103 95 0.1562
k 104 42 -0.3281
k 104 63 -0.6562
k 104 84 -0.9375
k 104 86 -0.3594
k 104 87 -0.3438
k 104 89 -1.0156
k 104 92 -1.0625
k 104 102 -0.2188
k 104 116 -0.2188
k 104 117 -0.0781
k 104 118 -0.3906
k 104 119 -0.1562
k 104 121 -0.1562
k 105 95 0.5312
k 106 47 0.2188
k 107 38 -0.3438
k 107 41 -0.0938
k 107 43 -0.5938
k 107 45 -0.5938
k 107 47 0.0938
k 107 63 -0.1875
k 107 64 -0.3438
k 107 84 -0.6562
k 107 89 -0.6719
k 107 92 -1.0625
k 107 93 -0.0938
k 107 97 -0.2188
k 107 99 -0.6719
k 107 100 -0.6719
k 107 101 -0.6719
k 107 102 -0.1562
k 107 103 -0.6719
k 107 111 -0.6719
k 107 113 -0.6719
k 107 115 -0.1406
k 107 116 -0.1562
k 107 117 -0.2188
k 107 120 0.2188
k 107 122 0.0938
k 107 125 -0.0938
k 108 95 0.5312
k 109 42 -0.3281
k 109 63 -0.6562
k 109 84 -0.9375
k 109 86 -0.3594
k 109 87 -0.3438
k 109 89 -1.0156
k 109 92 -1.0625
k 109 102 -0.2188
k 109 116 -0.2188
k 109 117 -0.0781
k 109 118 -0.3906
k 109 119 -0.1562
k 109 121 -0.1562
k 110 42 -0.3281
k 110 63 -0.6562
k 110 84 -0.9375
k 110 86 -0.3594
k 110 87 -0.3438
k 110 89 -1.0156
k 110 92 -1.0625
k 110 102 -0.2188
k 110 116 -0.2188
k 110 117 -0.0781
k 110 118 -0.3906
k 110 119 -0.1562
k 110 121 -0.1562
k 111 38 0.1562
k 111 42 -0.4844
k 111 43 0.1562
k 111 44 -0.4219
k 111 45 0.1562
k 111 46 -0.4219
k 111 47 -0.4688
k 111 58 -0.1406
k 111 59 -0.1406
k 111 63 -0.8906
k 111 65 -0.3906
k 111 84 -1.7344
k 111 86 -0.9844
k 111 87 -0.6719
k 111 88 -0.6875
k 111 89 -1.8438
k 111 90 -0.3438
k 111 92 -1.6250
k 111 95 -0.1562
k 111 97 0.0781
k 111 102 -0.4844
k 111 116 -0.4844
k 111 118 -0.2188
k 111 119 -0.1562
k 111 120 -0.6719
k 111 121 -0.2188
k 111 122 -0.1719
k 112 38 0.1562
k 112 42 -0.4844
k 112 43 0.1562
k 112 44 -0.4219
k 112 45 0.1562
k 112 46 -0.4219
k 112 47 -0.4688
k 112 58 -0.1406
k 112 59 -0.1406
k 112 63 -0.8906
k 112 65 -0.3906
k 112 84 -1.7344
k 112 86 -0.9844
k 112 87 -0.6719
k 112 88 -0.6875
k 112 89 -1.8438
k 112 90 -0.3438
k 112 92 -1.6250
k 112 95 -0.1562
k 112 97 0.0781
k 112 102 -0.4844
k 112 116 -0.4844
k 112 118 -0.2188
k 112 119 -0.1562
k 112 120 -0.6719
k 112 121 -0.2188
k 112 122 -0.1719
k 113 47 0.5469
k 113 63 -0.3438
k 113 84 -0.7344
k 113 86 -0.4844
k 113 87 -0.2188
k 113 89 -0.9844
k 113 92 -1.1719
k 113 95 0.1562
k 114 38 -0.5781
k 114 43 -0.3438
k 114 44 -1.3125
k 114 45 -0.3438
k 114 46 -1.3125
k 114 47 -1.4062
k 114 64 -0.5781
k 114 92 -0.8750
k 114 97 -0.3438
k 114 99 -0.4844
k 114 100 -0.4844
k 114 101 -0.4844
k 114 103 -0.4844
k 114 111 -0.4844
k 114 113 -0.4844
k 114 117 -0.1406
k 114 118 0.2188
k 114 119 0.1406
k 114 121 0.1562
k 115 38 0.2188
k 115 42 -0.1719
k 115 44 -0.1406
k 115 46 -0.1406
k 115 47 -0.1406
k 115 63 -0.4531
k 115 84 -0.9688
k 115 86 -0.6094
k 115 87 -0.3906
k 115 89 -1.0469
k 115 92 -1.1719
k 115 97 0.0781
k 115 99 0.0781
k 115 100 0.0781
k 115 101 0.0781
k 115 102 -0.1562
k 115 103 0.0781
k 115 111 0.0781
k 115 113 0.0781
k 115 116 -0.1562
k 115 120 -0.2188
k 115 121 -0.1562
k 116 43 -0.1406
k 116 45 -0.1406
k 116 63 0.0938
k 116 84 -0.3438
k 116 87 -0.2031
k 116 89 -0.5312
k 116 92 -0.8750
k 116 95 0.5000
k 116 99 -0.1406
k 116 100 -0.1406
k 116 101 -0.1406
k 116 102 0.1562
k 116 103 -0.1406
k 116 111 -0.1406
k 116 113 -0.1406
k 116 115 0.1562
k 116 116 0.1562
k 116 118 0.2188
k 116 119 0.1562
k 116 120 0.1562
k 116 121 0.1562
k 116 122 0.1562
k 117 47 0.3281
k 117 63 -0.3438
k 117 84 -0.7344
k 117 86 -0.4844
k 117 87 -0.2188
k 117 89 -0.9844
k 117 92 -1.1719
k 117 95 0.1562
k 118 38 -0.0938
k 118 42 0.1719
k 118 44 -1.1250
k 118 46 -1.1250
k 118 47 -1.0000
k 118 63 0.0938
k 118 64 -0.1250
k 118 65 -1.1719
k 118 84 -0.8594
k 118 86 -0.2188
k 118 87 -0.1562
k 118 88 -0.9688
k 118 89 -0.7500
k 118 90 -0.1406
k 118 92 -0.5781
k 118 95 -0.6719
k 118 97 -0.3438
k 118 99 -0.2188
k 118 100 -0.2188
k 118 101 -0.2188
k 118 102 0.2188
k 118 103 -0.2188
k 118 111 -0.2188
k 118 113 -0.2188
k 118 116 0.2188
k 118 117 -0.1562
k 118 118 0.2500
k 118 119 0.1719
k 118 120 0.1719
k 118 121 0.1719
k 119 44 -0.5938
k 119 46 -0.5938
k 119 47 -0.4688
k 119 63 0.0938
k 119 65 -0.6719
k 119 84 -0.9375
k 119 86 -0.2500
k 119 87 -0.2188
k 119 88 -0.7656
k 119 89 -0.9688
k 119 90 -0.1406
k 119 92 -0.6719
k 119 97 -0.0938
k 119 99 -0.1562
k 119 100 -0.1562
k 119 101 -0.1562
k 119 102 0.1562
k 119 103 -0.1562
k 119 111 -0.1562
k 119 113 -0.1562
k 119 116 0.1562
k 119 118 0.1719
k 119 119 0.1562
k 119 121 0.1719
k 120 38 -0.3438
k 120 41 -0.0938
k 120 43 -0.5938
k 120 45 -0.5938
k 120 47 0.0938
k 120 63 -0.1875
k 120 64 -0.3438
k 120 84 -0.6562
k 120 89 -0.6719
k 120 92 -1.0625
k 120 93 -0.0938
k 120 97 -0.2188
k 120 99 -0.6719
k 120 100 -0.6719
k 120 101 -0.6719
k 120 102 -0.1562
k 120 103 -0.6719
k 120 111 -0.6719
k 120 113 -0.6719
k 120 115 -0.1406
k 120 116 -0.1562
k 120 117 -0.2188
k 120 120 0.2188
k 120 125 -0.0938
k 121 38 -0.0938
k 121 42 0.1719
k 121 44 -1.1250
k 121 46 -1.1250
k 121 47 -1.0000
k 121 63 0.0938
k 121 64 -0.1250
k 121 65 -1.1719
k 121 84 -0.8594
k 121 86 -0.2188
k 121 87 -0.1562
k 121 88 -0.9688
k 121 89 -0.7500
k 121 90 -0.1406
k 121 92 -0.5781
k 121 95 -0.6719
k 121 97 -0.3438
k 121 99 -0.2188
k 121 100 -0.2188
k 121 101 -0.2188
k 121 102 0.2188
k 121 103 -0.2188
k 121 111 -0.2188
k 121 113 -0.2188
k 121 116 0.2188
k 121 117 -0.1562
k 121 118 0.2500
k 121 119 0.1719
k 121 120 0.1719
k 121 121 0.1719
k 122 38 -0.1406
k 122 43 -0.4531
k 122 45 -0.4531
k 122 63 -0.1406
k 122 84 -0.8125
k 122 86 -0.5469
k 122 87 -0.3906
k 122 89 -1.0625
k 122 92 -0.9375
k 122 99 -0.2188
k 122 100 -0.2188
k 122 101 -0.2188
k 122 103 -0.2188
k 122 111 -0.2188
k 122 113 -0.2188
k 123 44 -0.3281
k 123 46 -0.3281
k 123 52 -0.2188
k 123 67 -0.0938
k 123 71 -0.0938
k 123 74 -0.4375
k 123 79 -0.0938
k 123 81 -0.0938
k 123 102 -0.0938
k 123 106 0.5625
k 123 116 -0.0938
