size 22.25
atlas 512 512
metrics 23 7
subpixels 4
g 32 0 0 0 0 0 0 0 4.6562
g 32 1 0 0 0 0 0 0 4.6562
g 32 2 0 0 0 0 0 0 4.6562
g 32 3 0 0 0 0 0 0 4.6562
g 33 0 1 1 8 19 -1 -17 4.8125
g 33 1 10 1 8 19 -1 -17 4.8125
g 33 2 19 1 8 19 -1 -17 4.8125
g 33 3 28 1 8 19 -1 -17 4.8125
g 34 0 37 1 12 18 -1 -17 8.1719
g 34 1 50 1 12 18 -1 -17 8.1719
g 34 2 63 1 12 18 -1 -17 8.1719
g 34 3 76 1 12 18 -1 -17 8.1719
g 35 0 89 1 19 18 -1 -17 15.8438
g 35 1 109 1 19 18 -1 -17 15.8438
g 35 2 129 1 19 18 -1 -17 15.8438
g 35 3 149 1 19 18 -1 -17 15.8438
g 36 0 169 1 16 21 -1 -18 12.9219
g 36 1 186 1 16 21 -1 -18 12.9219
g 36 2 203 1 16 21 -1 -18 12.9219
g 36 3 220 1 16 21 -1 -18 12.9219
g 37 0 237 1 20 19 -1 -17 16.9531
g 37 1 258 1 20 19 -1 -17 16.9531
g 37 2 279 1 20 19 -1 -17 16.9531
g 37 3 300 1 20 19 -1 -17 16.9531
g 38 0 321 1 18 19 -1 -17 14.8125
g 38 1 340 1 18 19 -1 -17 14.8125
g 38 2 359 1 18 19 -1 -17 14.8125
g 38 3 378 1 18 19 -1 -17 14.8125
g 39 0 397 1 8 18 -1 -17 4.8125
g 39 1 406 1 8 18 -1 -17 4.8125
g 39 2 415 1 8 18 -1 -17 4.8125
g 39 3 424 1 8 18 -1 -17 4.8125
g 40 0 433 1 12 23 -1 -17 8.8750
g 40 1 446 1 12 23 -1 -17 8.8750
g 40 2 459 1 12 23 -1 -17 8.8750
g 40 3 472 1 12 23 -1 -17 8.8750
g 41 0 485 1 12 23 -1 -17 8.8750
g 41 1 498 1 12 23 -1 -17 8.8750
g 41 2 1 25 12 23 -1 -17 8.8750
g 41 3 14 25 12 23 -1 -17 8.8750
g 42 0 27 25 14 18 -1 -17 10.1875
g 42 1 42 25 14 18 -1 -17 10.1875
g 42 2 57 25 14 18 -1 -17 10.1875
g 42 3 72 25 14 18 -1 -17 10.1875
g 43 0 87 25 17 15 -1 -14 13.3438
g 43 1 105 25 17 15 -1 -14 13.3438
g 43 2 123 25 17 15 -1 -14 13.3438
g 43 3 141 25 17 15 -1 -14 13.3438
g 44 0 159 25 9 8 -1 -3 5.5625
g 44 1 169 25 9 8 -1 -3 5.5625
g 44 2 179 25 9 8 -1 -3 5.5625
g 44 3 189 25 9 8 -1 -3 5.5625
g 45 0 199 25 14 10 -1 -9 10.0625
g 45 1 214 25 14 10 -1 -9 10.0625
g 45 2 229 25 14 10 -1 -9 10.0625
g 45 3 244 25 14 10 -1 -9 10.0625
g 46 0 259 25 9 6 -1 -4 5.5625
g 46 1 269 25 9 6 -1 -4 5.5625
g 46 2 279 25 9 6 -1 -4 5.5625
g 46 3 289 25 9 6 -1 -4 5.5625
g 47 0 299 25 16 23 -3 -17 10.6875
g 47 1 316 25 16 23 -3 -17 10.6875
g 47 2 333 25 16 23 -3 -17 10.6875
g 47 3 350 25 16 23 -3 -17 10.6875
g 48 0 367 25 18 19 -1 -17 14.9531
g 48 1 386 25 18 19 -1 -17 14.9531
g 48 2 405 25 18 19 -1 -17 14.9531
g 48 3 424 25 18 19 -1 -17 14.9531
g 49 0 443 25 10 18 -1 -17 6.9844
g 49 1 454 25 10 18 -1 -17 6.9844
g 49 2 465 25 10 18 -1 -17 6.9844
g 49 3 476 25 10 18 -1 -17 6.9844
g 50 0 487 25 17 18 -1 -17 13.3438
g 50 1 1 49 17 18 -1 -17 13.3438
g 50 2 19 49 17 18 -1 -17 13.3438
g 50 3 37 49 17 18 -1 -17 13.3438
g 51 0 55 49 17 19 -1 -17 13.3438
g 51 1 73 49 17 19 -1 -17 13.3438
g 51 2 91 49 17 19 -1 -17 13.3438
g 51 3 109 49 17 19 -1 -17 13.3438
g 52 0 127 49 18 19 -1 -17 14.2812
g 52 1 146 49 18 19 -1 -17 14.2812
g 52 2 165 49 18 19 -1 -17 14.2812
g 52 3 184 49 18 19 -1 -17 14.2812
g 53 0 203 49 17 19 -1 -17 13.3438
g 53 1 221 49 17 19 -1 -17 13.3438
g 53 2 239 49 17 19 -1 -17 13.3438
g 53 3 257 49 17 19 -1 -17 13.3438
g 54 0 275 49 17 19 -1 -17 13.3438
g 54 1 293 49 17 19 -1 -17 13.3438
g 54 2 311 49 17 19 -1 -17 13.3438
g 54 3 329 49 17 19 -1 -17 13.3438
g 55 0 347 49 17 18 -1 -17 13.3438
g 55 1 365 49 17 18 -1 -17 13.3438
g 55 2 383 49 17 18 -1 -17 13.3438
g 55 3 401 49 17 18 -1 -17 13.3438
g 56 0 419 49 17 19 -1 -17 13.3438
g 56 1 437 49 17 19 -1 -17 13.3438
g 56 2 455 49 17 19 -1 -17 13.3438
g 56 3 473 49 17 19 -1 -17 13.3438
g 57 0 491 49 17 19 -1 -17 13.8438
g 57 1 1 69 17 19 -1 -17 13.8438
g 57 2 19 69 17 19 -1 -17 13.8438
g 57 3 37 69 17 19 -1 -17 13.8438
g 58 0 55 69 9 15 -1 -13 5.5625
g 58 1 65 69 9 15 -1 -13 5.5625
g 58 2 75 69 9 15 -1 -13 5.5625
g 58 3 85 69 9 15 -1 -13 5.5625
g 59 0 95 69 9 18 -1 -13 5.5625
g 59 1 105 69 9 18 -1 -13 5.5625
g 59 2 115 69 9 18 -1 -13 5.5625
g 59 3 125 69 9 18 -1 -13 5.5625
g 60 0 135 69 17 16 -1 -15 13.3438
g 60 1 153 69 17 16 -1 -15 13.3438
g 60 2 171 69 17 16 -1 -15 13.3438
g 60 3 189 69 17 16 -1 -15 13.3438
g 61 0 207 69 17 13 -1 -12 13.3438
g 61 1 225 69 17 13 -1 -12 13.3438
g 61 2 243 69 17 13 -1 -12 13.3438
g 61 3 261 69 17 13 -1 -12 13.3438
g 62 0 279 69 17 16 -1 -15 13.3438
g 62 1 297 69 17 16 -1 -15 13.3438
g 62 2 315 69 17 16 -1 -15 13.3438
g 62 3 333 69 17 16 -1 -15 13.3438
g 63 0 351 69 15 19 -1 -17 11.4375
g 63 1 367 69 15 19 -1 -17 11.4375
g 63 2 383 69 15 19 -1 -17 11.4375
g 63 3 399 69 15 19 -1 -17 11.4375
g 64 0 415 69 21 19 -1 -14 17.3750
g 64 1 437 69 21 19 -1 -14 17.3750
g 64 2 459 69 21 19 -1 -14 17.3750
g 64 3 481 69 21 19 -1 -14 17.3750
g 65 0 1 89 19 19 -1 -17 15.5938
g 65 1 21 89 19 19 -1 -17 15.5938
g 65 2 41 89 19 19 -1 -17 15.5938
g 65 3 61 89 19 19 -1 -17 15.5938
g 66 0 81 89 18 18 -1 -17 14.9375
g 66 1 100 89 18 18 -1 -17 14.9375
g 66 2 119 89 18 18 -1 -17 14.9375
g 66 3 138 89 18 18 -1 -17 14.9375
g 67 0 157 89 20 19 -1 -17 16.0156
g 67 1 178 89 20 19 -1 -17 16.0156
g 67 2 199 89 20 19 -1 -17 16.0156
g 67 3 220 89 20 19 -1 -17 16.0156
g 68 0 241 89 20 18 -1 -17 16.2031
g 68 1 262 89 20 18 -1 -17 16.2031
g 68 2 283 89 20 18 -1 -17 16.2031
g 68 3 304 89 20 18 -1 -17 16.2031
g 69 0 325 89 18 18 -1 -17 13.9688
g 69 1 344 89 18 18 -1 -17 13.9688
g 69 2 363 89 18 18 -1 -17 13.9688
g 69 3 382 89 18 18 -1 -17 13.9688
g 70 0 401 89 17 18 -1 -17 13.8125
g 70 1 419 89 17 18 -1 -17 13.8125
g 70 2 437 89 17 18 -1 -17 13.8125
g 70 3 455 89 17 18 -1 -17 13.8125
g 71 0 473 89 21 19 -1 -17 17.5781
g 71 1 1 109 21 19 -1 -17 17.5781
g 71 2 23 109 21 19 -1 -17 17.5781
g 71 3 45 109 21 19 -1 -17 17.5781
g 72 0 67 109 20 18 -1 -17 16.1250
g 72 1 88 109 20 18 -1 -17 16.1250
g 72 2 109 109 20 18 -1 -17 16.1250
g 72 3 130 109 20 18 -1 -17 16.1250
g 73 0 151 109 9 18 -1 -17 5.5156
g 73 1 161 109 9 18 -1 -17 5.5156
g 73 2 171 109 9 18 -1 -17 5.5156
g 73 3 181 109 9 18 -1 -17 5.5156
g 74 0 191 109 17 19 -1 -17 13.7344
g 74 1 209 109 17 19 -1 -17 13.7344
g 74 2 227 109 17 19 -1 -17 13.7344
g 74 3 245 109 17 19 -1 -17 13.7344
g 75 0 263 109 18 18 -1 -17 14.4844
g 75 1 282 109 18 18 -1 -17 14.4844
g 75 2 301 109 18 18 -1 -17 14.4844
g 75 3 320 109 18 18 -1 -17 14.4844
g 76 0 339 109 17 18 -1 -17 13.6562
g 76 1 357 109 17 18 -1 -17 13.6562
g 76 2 375 109 17 18 -1 -17 13.6562
g 76 3 393 109 17 18 -1 -17 13.6562
g 77 0 411 109 23 18 -1 -17 19.1719
g 77 1 435 109 23 18 -1 -17 19.1719
g 77 2 459 109 23 18 -1 -17 19.1719
g 77 3 483 109 23 18 -1 -17 19.1719
g 78 0 1 129 20 18 -1 -17 16.3594
g 78 1 22 129 20 18 -1 -17 16.3594
g 78 2 43 129 20 18 -1 -17 16.3594
g 78 3 64 129 20 18 -1 -17 16.3594
g 79 0 85 129 22 19 -1 -17 18.0469
g 79 1 108 129 22 19 -1 -17 18.0469
g 79 2 131 129 22 19 -1 -17 18.0469
g 79 3 154 129 22 19 -1 -17 18.0469
g 80 0 177 129 18 18 -1 -17 14.7031
g 80 1 196 129 18 18 -1 -17 14.7031
g 80 2 215 129 18 18 -1 -17 14.7031
g 80 3 234 129 18 18 -1 -17 14.7031
g 81 0 253 129 22 19 -1 -17 18.0469
g 81 1 276 129 22 19 -1 -17 18.0469
g 81 2 299 129 22 19 -1 -17 18.0469
g 81 3 322 129 22 19 -1 -17 18.0469
g 82 0 345 129 18 18 -1 -17 14.6562
g 82 1 364 129 18 18 -1 -17 14.6562
g 82 2 383 129 18 18 -1 -17 14.6562
g 82 3 402 129 18 18 -1 -17 14.6562
g 83 0 421 129 17 19 -1 -17 13.6406
g 83 1 439 129 17 19 -1 -17 13.6406
g 83 2 457 129 17 19 -1 -17 13.6406
g 83 3 475 129 17 19 -1 -17 13.6406
g 84 0 493 129 18 19 -1 -17 14.0625
g 84 1 1 149 18 19 -1 -17 14.0625
g 84 2 20 149 18 19 -1 -17 14.0625
g 84 3 39 149 18 19 -1 -17 14.0625
g 85 0 58 149 19 19 -1 -17 15.8594
g 85 1 78 149 19 19 -1 -17 15.8594
g 85 2 98 149 19 19 -1 -17 15.8594
g 85 3 118 149 19 19 -1 -17 15.8594
g 86 0 138 149 19 18 -1 -17 15.5938
g 86 1 158 149 19 18 -1 -17 15.5938
g 86 2 178 149 19 18 -1 -17 15.5938
g 86 3 198 149 19 18 -1 -17 15.5938
g 87 0 218 149 24 18 -1 -17 20.2031
g 87 1 243 149 24 18 -1 -17 20.2031
g 87 2 268 149 24 18 -1 -17 20.2031
g 87 3 293 149 24 18 -1 -17 20.2031
g 88 0 318 149 18 18 -1 -17 14.7812
g 88 1 337 149 18 18 -1 -17 14.7812
g 88 2 356 149 18 18 -1 -17 14.7812
g 88 3 375 149 18 18 -1 -17 14.7812
g 89 0 394 149 19 18 -1 -17 14.8438
g 89 1 414 149 19 18 -1 -17 14.8438
g 89 2 434 149 19 18 -1 -17 14.8438
g 89 3 454 149 19 18 -1 -17 14.8438
g 90 0 474 149 17 18 -1 -17 13.5469
g 90 1 492 149 17 18 -1 -17 13.5469
g 90 2 1 169 17 18 -1 -17 13.5469
g 90 3 19 169 17 18 -1 -17 13.5469
g 91 0 37 169 12 23 -1 -17 8.1719
g 91 1 50 169 12 23 -1 -17 8.1719
g 91 2 63 169 12 23 -1 -17 8.1719
g 91 3 76 169 12 23 -1 -17 8.1719
g 92 0 89 169 16 23 -1 -17 10.8125
g 92 1 106 169 16 23 -1 -17 10.8125
g 92 2 123 169 16 23 -1 -17 10.8125
g 92 3 140 169 16 23 -1 -17 10.8125
g 93 0 157 169 12 23 -1 -17 8.1719
g 93 1 170 169 12 23 -1 -17 8.1719
g 93 2 183 169 12 23 -1 -17 8.1719
g 93 3 196 169 12 23 -1 -17 8.1719
g 94 0 209 169 16 18 -1 -17 12.3438
g 94 1 226 169 16 18 -1 -17 12.3438
g 94 2 243 169 16 18 -1 -17 12.3438
g 94 3 260 169 16 18 -1 -17 12.3438
g 95 0 277 169 14 6 -1 -1 10.8281
g 95 1 292 169 14 6 -1 -1 10.8281
g 95 2 307 169 14 6 -1 -1 10.8281
g 95 3 322 169 14 6 -1 -1 10.8281
g 96 0 337 169 17 19 -1 -18 13.3438
g 96 1 355 169 17 19 -1 -18 13.3438
g 96 2 373 169 17 19 -1 -18 13.3438
g 96 3 391 169 17 19 -1 -18 13.3438
g 97 0 409 169 15 15 -1 -13 11.8594
g 97 1 425 169 15 15 -1 -13 11.8594
g 97 2 441 169 15 15 -1 -13 11.8594
g 97 3 457 169 15 15 -1 -13 11.8594
g 98 0 473 169 17 19 -1 -17 13.5000
g 98 1 491 169 17 19 -1 -17 13.5000
g 98 2 1 193 17 19 -1 -17 13.5000
g 98 3 19 193 17 19 -1 -17 13.5000
g 99 0 37 193 15 15 -1 -13 11.5938
g 99 1 53 193 15 15 -1 -13 11.5938
g 99 2 69 193 15 15 -1 -13 11.5938
g 99 3 85 193 15 15 -1 -13 11.5938
g 100 0 101 193 17 19 -1 -17 13.5000
g 100 1 119 193 17 19 -1 -17 13.5000
g 100 2 137 193 17 19 -1 -17 13.5000
g 100 3 155 193 17 19 -1 -17 13.5000
g 101 0 173 193 16 15 -1 -13 12.7500
g 101 1 190 193 16 15 -1 -13 12.7500
g 101 2 207 193 16 15 -1 -13 12.7500
g 101 3 224 193 16 15 -1 -13 12.7500
g 102 0 241 193 12 20 -1 -18 8.8594
g 102 1 254 193 12 20 -1 -18 8.8594
g 102 2 267 193 12 20 -1 -18 8.8594
g 102 3 280 193 12 20 -1 -18 8.8594
g 103 0 293 193 17 19 -1 -13 13.4219
g 103 1 311 193 17 19 -1 -13 13.4219
g 103 2 329 193 17 19 -1 -13 13.4219
g 103 3 347 193 17 19 -1 -13 13.4219
g 104 0 365 193 16 19 -1 -18 12.6406
g 104 1 382 193 16 19 -1 -18 12.6406
g 104 2 399 193 16 19 -1 -18 12.6406
g 104 3 416 193 16 19 -1 -18 12.6406
g 105 0 433 193 8 18 -1 -17 4.8750
g 105 1 442 193 8 18 -1 -17 4.8750
g 105 2 451 193 8 18 -1 -17 4.8750
g 105 3 460 193 8 18 -1 -17 4.8750
g 106 0 469 193 9 23 -2 -17 4.8750
g 106 1 479 193 9 23 -2 -17 4.8750
g 106 2 489 193 9 23 -2 -17 4.8750
g 106 3 499 193 9 23 -2 -17 4.8750
g 107 0 1 217 15 18 -1 -17 11.6875
g 107 1 17 217 15 18 -1 -17 11.6875
g 107 2 33 217 15 18 -1 -17 11.6875
g 107 3 49 217 15 18 -1 -17 11.6875
g 108 0 65 217 8 18 -1 -17 4.8750
g 108 1 74 217 8 18 -1 -17 4.8750
g 108 2 83 217 8 18 -1 -17 4.8750
g 108 3 92 217 8 18 -1 -17 4.8750
g 109 0 101 217 23 14 -1 -13 19.5625
g 109 1 125 217 23 14 -1 -13 19.5625
g 109 2 149 217 23 14 -1 -13 19.5625
g 109 3 173 217 23 14 -1 -13 19.5625
g 110 0 197 217 16 14 -1 -13 12.6406
g 110 1 214 217 16 14 -1 -13 12.6406
g 110 2 231 217 16 14 -1 -13 12.6406
g 110 3 248 217 16 14 -1 -13 12.6406
g 111 0 265 217 17 15 -1 -13 13.3906
g 111 1 283 217 17 15 -1 -13 13.3906
g 111 2 301 217 17 15 -1 -13 13.3906
g 111 3 319 217 17 15 -1 -13 13.3906
g 112 0 337 217 17 19 -1 -13 13.5000
g 112 1 355 217 17 19 -1 -13 13.5000
g 112 2 373 217 17 19 -1 -13 13.5000
g 112 3 391 217 17 19 -1 -13 13.5000
g 113 0 409 217 17 19 -1 -13 13.5000
g 113 1 427 217 17 19 -1 -13 13.5000
g 113 2 445 217 17 19 -1 -13 13.5000
g 113 3 463 217 17 19 -1 -13 13.5000
g 114 0 481 217 12 14 -1 -13 8.2812
g 114 1 494 217 12 14 -1 -13 8.2812
g 114 2 1 237 12 14 -1 -13 8.2812
g 114 3 14 237 12 14 -1 -13 8.2812
g 115 0 27 237 14 15 -1 -13 10.3438
g 115 1 42 237 14 15 -1 -13 10.3438
g 115 2 57 237 14 15 -1 -13 10.3438
g 115 3 72 237 14 15 -1 -13 10.3438
g 116 0 87 237 12 18 -1 -16 8.6719
g 116 1 100 237 12 18 -1 -16 8.6719
g 116 2 113 237 12 18 -1 -16 8.6719
g 116 3 126 237 12 18 -1 -16 8.6719
g 117 0 139 237 16 15 -1 -13 12.6406
g 117 1 156 237 16 15 -1 -13 12.6406
g 117 2 173 237 16 15 -1 -13 12.6406
g 117 3 190 237 16 15 -1 -13 12.6406
g 118 0 207 237 15 14 -1 -13 12.0312
g 118 1 223 237 15 14 -1 -13 12.0312
g 118 2 239 237 15 14 -1 -13 12.0312
g 118 3 255 237 15 14 -1 -13 12.0312
g 119 0 271 237 20 14 -1 -13 16.2812
g 119 1 292 237 20 14 -1 -13 16.2812
g 119 2 313 237 20 14 -1 -13 16.2812
g 119 3 334 237 20 14 -1 -13 16.2812
g 120 0 355 237 15 14 -1 -13 11.5312
g 120 1 371 237 15 14 -1 -13 11.5312
g 120 2 387 237 15 14 -1 -13 11.5312
g 120 3 403 237 15 14 -1 -13 11.5312
g 121 0 419 237 15 19 -1 -13 11.9688
g 121 1 435 237 15 19 -1 -13 11.9688
g 121 2 451 237 15 19 -1 -13 11.9688
g 121 3 467 237 15 19 -1 -13 11.9688
g 122 0 483 237 14 14 -1 -13 10.6406
g 122 1 1 257 14 14 -1 -13 10.6406
g 122 2 16 257 14 14 -1 -13 10.6406
g 122 3 31 257 14 14 -1 -13 10.6406
g 123 0 46 257 12 23 -1 -17 8.9375
g 123 1 59 257 12 23 -1 -17 8.9375
g 123 2 72 257 12 23 -1 -17 8.9375
g 123 3 85 257 12 23 -1 -17 8.9375
g 124 0 98 257 10 23 -1 -17 6.6562
g 124 1 109 257 10 23 -1 -17 6.6562
g 124 2 120 257 10 23 -1 -17 6.6562
g 124 3 131 257 10 23 -1 -17 6.6562
g 125 0 142 257 12 23 -1 -17 8.9375
g 125 1 155 257 12 23 -1 -17 8.9375
g 125 2 168 257 12 23 -1 -17 8.9375
g 125 3 181 257 12 23 -1 -17 8.9375
g 126 0 194 257 17 13 -1 -12 13.0156
g 126 1 212 257 17 13 -1 -12 13.0156
g 126 2 230 257 17 13 -1 -12 13.0156
g 126 3 248 257 17 13 -1 -12 13.0156
k 38 49 -0.8906
k 38 51 -0.1719
k 38 52 -0.1719
k 38 53 -0.1719
k 38 55 -1.3125
k 38 56 -0.3281
k 38 57 -0.3281
k 38 65 0.1562
k 38 67 -0.0625
k 38 71 -0.0625
k 38 74 -0.1719
k 38 79 -0.0625
k 38 81 -0.0625
k 38 83 -0.1719
k 38 84 -1.9531
k 38 85 -0.0625
k 38 86 -1.5312
k 38 87 -0.6719
k 38 89 -1.9531
k 38 90 0.0938
k 38 97 -0.1719
k 38 99 -0.2188
k 38 100 -0.2188
k 38 101 -0.2188
k 38 102 -0.1719
k 38 103 -0.2188
k 38 111 -0.2188
k 38 113 -0.2188
k 38 116 -0.1719
k 38 117 -0.0625
k 38 118 -0.2969
k 38 119 -0.1719
k 38 120 0.0938
k 38 121 -0.1719
k 40 44 -0.3750
k 40 46 -0.3750
k 40 51 -0.0625
k 40 52 -0.4688
k 40 53 -0.0625
k 40 55 0.0625
k 40 56 -0.0625
k 40 57 -0.0625
k 40 67 -0.1719
k 40 71 -0.1719
k 40 74 -0.7500
k 40 79 -0.1719
k 40 81 -0.1719
k 40 84 0.0625
k 40 99 -0.0625
k 40 100 -0.0625
k 40 101 -0.0625
k 40 102 -0.1719
k 40 103 -0.0625
k 40 106 0.9062
k 40 111 -0.0625
k 40 113 -0.0625
k 40 116 -0.1719
k 42 44 -0.9375
k 42 46 -0.9375
k 42 50 -0.1562
k 42 52 -1.4688
k 42 56 -0.5625
k 42 65 -1.6719
k 42 67 -0.0625
k 42 71 -0.0625
k 42 74 -2.6719
k 42 79 -0.0625
k 42 81 -0.0625
k 42 84 0.0625
k 42 86 0.2656
k 42 88 -0.3281
k 42 97 -0.5625
k 42 99 -0.6406
k 42 100 -0.6406
k 42 101 -0.6406
k 42 103 -0.6406
k 42 111 -0.6406
k 42 113 -0.6406
k 42 115 -0.1562
k 42 118 0.2656
k 42 119 0.0625
k 42 121 0.2656
k 43 49 -0.6719
k 43 50 -0.8281
k 43 51 -0.2969
k 43 53 -0.2969
k 43 55 -1.0000
k 43 57 -0.5625
k 43 65 -0.3281
k 43 67 0.2188
k 43 71 0.2188
k 43 74 -0.8281
k 43 79 0.2188
k 43 81 0.2188
k 43 83 -0.4375
k 43 84 -0.8281
k 43 86 -0.8281
k 43 88 -0.8438
k 43 89 -1.0000
k 43 90 -0.3750
k 43 99 0.2188
k 43 100 0.2188
k 43 101 0.2188
k 43 102 -0.1562
k 43 103 0.2188
k 43 111 0.2188
k 43 113 0.2188
k 43 116 -0.1562
k 43 120 -0.8906
k 43 122 -0.5312
k 44 41 -0.3750
k 44 42 -0.9375
k 44 48 -0.5625
k 44 49 -1.2969
k 44 51 -0.1562
k 44 52 -0.4375
k 44 53 -0.1562
k 44 54 -0.5625
k 44 55 -1.1406
k 44 56 -0.4375
k 44 57 -0.5625
k 44 63 -1.8906
k 44 65 0.2188
k 44 67 -0.9531
k 44 71 -0.9531
k 44 74 -0.1719
k 44 79 -0.9531
k 44 81 -0.9531
k 44 84 -2.6719
k 44 85 -0.7344
k 44 86 -2.5312
k 44 87 -2.0938
k 44 89 -2.6719
k 44 90 0.0625
k 44 93 -0.3750
k 44 97 -0.1562
k 44 99 -0.5625
k 44 100 -0.5625
k 44 101 -0.5625
k 44 102 -1.6094
k 44 103 -0.5625
k 44 111 -0.5625
k 44 113 -0.5625
k 44 115 -0.1562
k 44 116 -1.6094
k 44 117 -0.5625
k 44 118 -1.6719
k 44 119 -0.8906
k 44 121 -1.5156
k 44 122 0.0625
k 44 125 -0.3750
k 45 49 -0.6719
k 45 50 -0.8281
k 45 51 -0.2969
k 45 53 -0.2969
k 45 55 -1.0000
k 45 57 -0.5625
k 45 65 -0.3281
k 45 67 0.2188
k 45 71 0.2188
k 45 74 -0.8281
k 45 79 0.2188
k 45 81 0.2188
k 45 83 -0.4375
k 45 84 -0.8281
k 45 86 -0.8281
k 45 88 -0.8438
k 45 89 -1.0000
k 45 90 -0.3750
k 45 99 0.2188
k 45 100 0.2188
k 45 101 0.2188
k 45 102 -0.1562
k 45 103 0.2188
k 45 111 0.2188
k 45 113 0.2188
k 45 116 -0.1562
k 45 120 -0.8906
k 45 122 -0.5312
k 46 41 -0.3750
k 46 42 -0.9375
k 46 48 -0.5625
k 46 49 -1.2969
k 46 51 -0.1562
k 46 52 -0.4375
k 46 53 -0.1562
k 46 54 -0.5625
k 46 55 -1.1406
k 46 56 -0.4375
k 46 57 -0.5625
k 46 63 -1.8906
k 46 65 0.2188
k 46 67 -0.9531
k 46 71 -0.9531
k 46 74 -0.1719
k 46 79 -0.9531
k 46 81 -0.9531
k 46 84 -2.6719
k 46 85 -0.7344
k 46 86 -2.5312
k 46 87 -2.0938
k 46 89 -2.6719
k 46 90 0.0625
k 46 93 -0.3750
k 46 97 -0.1562
k 46 99 -0.5625
k 46 100 -0.5625
k 46 101 -0.5625
k 46 102 -1.6094
k 46 103 -0.5625
k 46 111 -0.5625
k 46 113 -0.5625
k 46 115 -0.1562
k 46 116 -1.6094
k 46 117 -0.5625
k 46 118 -1.6719
k 46 119 -0.8906
k 46 121 -1.5156
k 46 122 0.0625
k 46 125 -0.3750
k 47 47 -3.9531
k 47 48 -0.8281
k 47 50 -0.4375
k 47 51 -0.6719
k 47 52 -2.1875
k 47 53 -0.6719
k 47 54 -0.8281
k 47 56 -1.3125
k 47 57 -0.6719
k 47 65 -2.1406
k 47 67 -1.0000
k 47 71 -1.0000
k 47 74 -3.5625
k 47 79 -1.0000
k 47 81 -1.0000
k 47 83 -0.2656
k 47 88 -0.1562
k 47 90 -0.0625
k 47 97 -1.8906
k 47 99 -2.2656
k 47 100 -2.2656
k 47 101 -2.2656
k 47 102 -1.2656
k 47 103 -2.2656
k 47 109 -1.3125
k 47 110 -1.3125
k 47 111 -2.2656
k 47 112 -1.3125
k 47 113 -2.2656
k 47 114 -1.3125
k 47 115 -1.6094
k 47 116 -1.2656
k 47 117 -1.4688
k 47 118 -0.9531
k 47 119 -0.8281
k 47 120 -1.2656
k 47 121 -1.0312
k 47 122 -1.3125
k 48 41 -0.0625
k 48 44 -0.5625
k 48 46 -0.5625
k 48 47 -0.8281
k 48 49 -0.1562
k 48 50 -0.5625
k 48 55 -0.6406
k 48 57 -0.1562
k 48 63 -0.3750
k 48 92 -0.8906
k 48 93 -0.0625
k 48 125 -0.0625
k 50 52 -0.3750
k 50 55 -0.1562
k 50 56 -0.1562
k 50 92 -0.8906
k 51 41 -0.0625
k 51 42 -0.5625
k 51 44 -0.4375
k 51 46 -0.4375
k 51 47 -0.3281
k 51 48 -0.1562
k 51 49 -0.1562
k 51 50 -0.1562
k 51 51 -0.2188
k 51 53 -0.2188
k 51 54 -0.1562
k 51 55 -0.5625
k 51 56 -0.1562
k 51 57 -0.4375
k 51 63 -0.5625
k 51 92 -1.0000
k 51 93 -0.0625
k 51 125 -0.0625
k 52 38 0.3281
k 52 42 -0.9375
k 52 44 -0.1562
k 52 46 -0.1562
k 52 49 -0.4375
k 52 50 -0.2969
k 52 51 -0.2969
k 52 53 -0.2969
k 52 55 -0.7344
k 52 56 -0.1562
k 52 57 -0.5625
k 52 63 -1.0000
k 52 92 -1.2969
k 53 38 0.1562
k 53 42 -0.9844
k 53 44 -0.3750
k 53 46 -0.3750
k 53 47 -0.3281
k 53 49 -0.3281
k 53 50 -0.3750
k 53 51 -0.3281
k 53 53 -0.3281
k 53 55 -0.6719
k 53 56 -0.1562
k 53 57 -0.6719
k 53 63 -0.6406
k 53 92 -0.8281
k 54 38 0.1562
k 54 42 -0.9844
k 54 44 -0.3750
k 54 46 -0.3750
k 54 47 -0.3281
k 54 49 -0.3281
k 54 50 -0.3750
k 54 51 -0.3281
k 54 53 -0.3281
k 54 55 -0.6719
k 54 56 -0.1562
k 54 57 -0.6719
k 54 63 -0.6406
k 54 92 -0.8281
k 55 38 -0.8281
k 55 41 0.0625
k 55 43 -0.8281
k 55 44 -2.9219
k 55 45 -0.8281
k 55 46 -2.9219
k 55 47 -1.9531
k 55 48 -0.4375
k 55 49 0.2656
k 55 50 0.1719
k 55 52 -2.0625
k 55 54 -0.4375
k 55 55 0.2969
k 55 56 -0.3281
k 55 58 -0.1562
k 55 59 -0.1562
k 55 63 0.3281
k 55 64 -1.5312
k 55 93 0.0625
k 55 125 0.0625
k 56 41 -0.0625
k 56 42 -0.5625
k 56 44 -0.4375
k 56 46 -0.4375
k 56 47 -0.3281
k 56 48 -0.1562
k 56 49 -0.1562
k 56 50 -0.1562
k 56 51 -0.2188
k 56 53 -0.2188
k 56 54 -0.1562
k 56 55 -0.5625
k 56 56 -0.1562
k 56 57 -0.4375
k 56 63 -0.5625
k 56 92 -1.0000
k 56 93 -0.0625
k 56 125 -0.0625
k 57 41 -0.0625
k 57 44 -0.5625
k 57 46 -0.5625
k 57 47 -0.8281
k 57 49 -0.1562
k 57 50 -0.5625
k 57 55 -0.6406
k 57 57 -0.1562
k 57 63 -0.3750
k 57 92 -0.8906
k 57 93 -0.0625
k 57 125 -0.0625
k 58 55 -0.3281
k 58 84 -0.1719
k 58 86 -0.1719
k 58 89 -0.6719
k 58 90 0.0625
k 58 99 -0.1562
k 58 100 -0.1562
k 58 101 -0.1562
k 58 103 -0.1562
k 58 111 -0.1562
k 58 113 -0.1562
k 58 117 -0.1562
k 58 118 0.0625
k 58 119 0.0625
k 58 121 0.0625
k 59 55 -0.3281
k 59 84 -0.1719
k 59 86 -0.1719
k 59 89 -0.6719
k 59 90 0.0625
k 59 99 -0.1562
k 59 100 -0.1562
k 59 101 -0.1562
k 59 103 -0.1562
k 59 111 -0.1562
k 59 113 -0.1562
k 59 117 -0.1562
k 59 118 0.0625
k 59 119 0.0625
k 59 121 0.0625
k 63 44 -3.0938
k 63 46 -3.0938
k 64 49 -0.5625
k 64 50 -0.5625
k 64 51 -0.1719
k 64 53 -0.1719
k 64 55 -1.5312
k 64 57 -0.1719
k 64 65 -0.6719
k 64 84 -1.7344
k 64 86 -1.0000
k 64 87 -0.2969
k 64 88 -0.8906
k 64 89 -1.8438
k 64 90 -0.1719
k 64 102 -0.2188
k 64 116 -0.2188
k 64 118 -0.0625
k 64 120 -0.6719
k 65 38 0.1562
k 65 42 -1.6719
k 65 43 -0.3281
k 65 44 0.2188
k 65 45 -0.3281
k 65 46 0.2188
k 65 47 0.3281
k 65 63 -1.6719
k 65 64 -0.2188
k 65 65 0.4375
k 65 67 -0.8281
k 65 71 -0.8281
k 65 74 0.3281
k 65 79 -0.8281
k 65 81 -0.8281
k 65 83 0.3281
k 65 84 -2.8281
k 65 85 -0.5938
k 65 86 -2.6094
k 65 87 -1.1406
k 65 88 0.5938
k 65 89 -2.8281
k 65 90 0.3281
k 65 92 -2.9844
k 65 99 -0.5938
k 65 100 -0.5938
k 65 101 -0.5938
k 65 102 -1.6094
k 65 103 -0.5938
k 65 111 -0.5938
k 65 113 -0.5938
k 65 115 0.3281
k 65 116 -1.6094
k 65 117 -0.3281
k 65 118 -1.7969
k 65 119 -1.0000
k 65 120 0.3281
k 65 121 -1.9531
k 65 122 0.3281
k 66 42 -0.8281
k 66 44 -0.6406
k 66 46 -0.6406
k 66 47 -0.3281
k 66 63 -0.5625
k 66 65 -0.2656
k 66 67 -0.2188
k 66 71 -0.2188
k 66 74 -0.3281
k 66 79 -0.2188
k 66 81 -0.2188
k 66 84 -0.3281
k 66 86 -0.5938
k 66 87 -0.5938
k 66 88 -0.5938
k 66 89 -1.0000
k 66 90 -0.3281
k 66 92 -1.0625
k 66 99 -0.2188
k 66 100 -0.2188
k 66 101 -0.2188
k 66 102 -0.3281
k 66 103 -0.2188
k 66 111 -0.2188
k 66 113 -0.2188
k 66 115 -0.0625
k 66 116 -0.3281
k 66 117 -0.2188
k 66 118 -0.2188
k 66 119 -0.2188
k 66 120 -0.5938
k 66 121 -0.3281
k 66 122 -0.3281
k 67 38 0.0625
k 67 44 -0.1562
k 67 46 -0.1562
k 67 63 0.1094
k 67 64 -0.5156
k 67 67 -0.3281
k 67 71 -0.3281
k 67 79 -0.3281
k 67 81 -0.3281
k 67 83 0.2188
k 67 84 0.2188
k 67 88 -0.3281
k 67 89 -0.3281
k 67 92 -0.5156
k 67 99 -0.3281
k 67 100 -0.3281
k 67 101 -0.3281
k 67 103 -0.3281
k 67 111 -0.3281
k 67 113 -0.3281
k 67 117 -0.3281
k 68 41 -0.1719
k 68 42 -0.0625
k 68 43 0.2188
k 68 44 -0.9531
k 68 45 0.2188
k 68 46 -0.9531
k 68 47 -0.8438
k 68 63 -0.6406
k 68 65 -0.8281
k 68 74 -0.5938
k 68 84 -1.0469
k 68 86 -0.8281
k 68 87 -0.3281
k 68 88 -1.5156
k 68 89 -1.4531
k 68 90 -0.5625
k 68 92 -1.0000
k 68 93 -0.1719
k 68 97 -0.2188
k 68 115 0.2188
k 68 120 -0.5938
k 68 125 -0.1719
k 69 38 -0.0625
k 69 42 -0.3281
k 69 43 -0.6406
k 69 45 -0.6406
k 69 64 -0.2188
k 69 65 0.2969
k 69 67 -0.9531
k 69 71 -0.9531
k 69 79 -0.9531
k 69 81 -0.9531
k 69 86 0.1562
k 69 87 -0.0625
k 69 99 -0.5938
k 69 100 -0.5938
k 69 101 -0.5938
k 69 102 -0.3281
k 69 103 -0.5938
k 69 111 -0.5938
k 69 113 -0.5938
k 69 116 -0.3281
k 69 117 -0.3281
k 69 118 -0.2188
k 69 119 -0.1719
k 69 120 -0.0625
k 70 38 -1.4844
k 70 43 -0.9531
k 70 44 -3.4531
k 70 45 -0.9531
k 70 46 -3.4531
k 70 47 -3.0469
k 70 58 -0.4375
k 70 59 -0.4375
k 70 64 -2.4844
k 70 65 -2.8281
k 70 67 -1.0000
k 70 71 -1.0000
k 70 74 -3.6250
k 70 79 -1.0000
k 70 81 -1.0000
k 70 86 0.1562
k 70 88 -0.2188
k 70 95 -1.8438
k 70 97 -1.6094
k 70 98 -0.3281
k 70 99 -2.2969
k 70 100 -2.2969
k 70 101 -2.2969
k 70 102 -0.3281
k 70 103 -2.2969
k 70 104 -0.3281
k 70 105 -0.3281
k 70 106 -0.3281
k 70 107 -0.3281
k 70 108 -0.3281
k 70 109 -1.2188
k 70 110 -1.2188
k 70 111 -2.2969
k 70 112 -1.2188
k 70 113 -2.2969
k 70 114 -1.2188
k 70 115 -1.6094
k 70 116 -0.3281
k 70 117 -1.0000
k 70 118 -0.5625
k 70 119 -0.7344
k 70 120 -0.8906
k 70 121 -0.8281
k 70 122 -0.8281
k 71 42 -0.3281
k 71 44 -1.0000
k 71 46 -1.0000
k 71 47 -0.8438
k 71 63 -0.6719
k 71 65 -0.5938
k 71 74 -0.7812
k 71 84 -0.5938
k 71 86 -1.0000
k 71 87 -0.8281
k 71 88 -1.1562
k 71 89 -1.4531
k 71 90 -0.3281
k 71 92 -1.0625
k 71 115 0.2188
k 71 120 -0.8281
k 71 121 -0.3281
k 72 97 -0.2188
k 73 97 -0.2188
k 74 44 -0.7344
k 74 46 -0.7344
k 74 47 -0.6719
k 74 65 -0.5938
k 74 74 -0.4844
k 74 115 0.1094
k 75 38 -0.6719
k 75 42 -0.7344
k 75 43 -0.8438
k 75 45 -0.8438
k 75 47 0.1562
k 75 63 -0.4688
k 75 64 -0.4375
k 75 65 0.5156
k 75 66 -0.3594
k 75 67 -0.9375
k 75 68 -0.3594
k 75 69 -0.3594
k 75 70 -0.3594
k 75 71 -0.9375
k 75 72 -0.3594
k 75 73 -0.3594
k 75 74 -0.1719
k 75 75 -0.3594
k 75 76 -0.3594
k 75 77 -0.3594
k 75 78 -0.3594
k 75 79 -0.9375
k 75 80 -0.3594
k 75 81 -0.9375
k 75 82 -0.3594
k 75 84 -0.2188
k 75 85 -0.5938
k 75 86 0.2188
k 75 87 -0.3281
k 75 88 0.3281
k 75 89 0.2188
k 75 90 0.2188
k 75 92 -0.2188
k 75 95 0.7812
k 75 97 -0.5938
k 75 99 -1.0469
k 75 100 -1.0469
k 75 101 -1.0469
k 75 102 -1.2031
k 75 103 -1.0469
k 75 111 -1.0469
k 75 113 -1.0469
k 75 115 0.2188
k 75 116 -1.2031
k 75 117 -0.8438
k 75 118 -1.6094
k 75 119 -1.1562
k 75 120 0.3281
k 75 121 -1.6094
k 75 122 0.2188
k 76 38 -0.1562
k 76 41 -0.1719
k 76 42 -2.7344
k 76 43 -0.7812
k 76 45 -0.7812
k 76 63 -2.2656
k 76 64 -0.6719
k 76 65 0.4375
k 76 67 -1.3125
k 76 71 -1.3125
k 76 79 -1.3125
k 76 81 -1.3125
k 76 84 -3.2656
k 76 85 -0.8281
k 76 86 -3.4531
k 76 87 -1.7188
k 76 89 -3.2969
k 76 92 -4.7656
k 76 93 -0.1719
k 76 99 -0.5625
k 76 100 -0.5625
k 76 101 -0.5625
k 76 102 -1.7969
k 76 103 -0.5625
k 76 111 -0.5625
k 76 113 -0.5625
k 76 116 -1.7969
k 76 117 -0.5625
k 76 118 -2.1094
k 76 119 -1.0000
k 76 121 -2.1094
k 76 122 0.2188
k 76 125 -0.1719
k 77 97 -0.2188
k 78 97 -0.2188
k 79 41 -0.1719
k 79 42 -0.0625
k 79 43 0.2188
k 79 44 -0.9531
k 79 45 0.2188
k 79 46 -0.9531
k 79 47 -0.8438
k 79 63 -0.6406
k 79 65 -0.8281
k 79 74 -0.5938
k 79 84 -1.0469
k 79 86 -0.8281
k 79 87 -0.3281
k 79 88 -1.5156
k 79 89 -1.4531
k 79 90 -0.5625
k 79 92 -1.0000
k 79 93 -0.1719
k 79 97 -0.2188
k 79 115 0.2188
k 79 120 -0.5938
k 79 125 -0.1719
k 80 38 -0.9531
k 80 41 -0.2969
k 80 43 -0.1562
k 80 44 -3.4531
k 80 45 -0.1562
k 80 46 -3.4531
k 80 47 -2.7344
k 80 64 -1.0469
k 80 65 -2.2656
k 80 74 -3.2656
k 80 83 0.2188
k 80 84 -0.2188
k 80 86 -0.3281
k 80 87 -0.5938
k 80 88 -1.5156
k 80 89 -1.0000
k 80 90 -0.5625
k 80 92 -0.8906
k 80 93 -0.2969
k 80 95 -2.0000
k 80 97 -0.5625
k 80 99 -1.2188
k 80 100 -1.2188
k 80 101 -1.2188
k 80 102 0.1094
k 80 103 -1.2188
k 80 109 -0.0625
k 80 110 -0.0625
k 80 111 -1.2188
k 80 112 -0.0625
k 80 113 -1.2188
k 80 114 -0.0625
k 80 116 0.1094
k 80 117 -0.2188
k 80 118 0.2188
k 80 121 0.2188
k 80 125 -0.2969
k 81 41 -0.1719
k 81 42 -0.0625
k 81 43 0.2188
k 81 44 -0.9531
k 81 45 0.2188
k 81 46 -0.9531
k 81 47 -0.8438
k 81 63 -0.6406
k 81 65 -0.8281
k 81 74 -0.5938
k 81 84 -1.0469
k 81 86 -0.8281
k 81 87 -0.3281
k 81 88 -1.5156
k 81 89 -1.4531
k 81 90 -0.5625
k 81 92 -1.0000
k 81 93 -0.1719
k 81 97 -0.2188
k 81 115 0.2188
k 81 120 -0.5938
k 81 125 -0.1719
k 82 38 -0.0625
k 82 41 -0.1719
k 82 43 -0.3750
k 82 44 -0.1562
k 82 45 -0.3750
k 82 46 -0.1562
k 82 64 -0.3750
k 82 65 0.2188
k 82 83 0.0625
k 82 84 -0.3750
k 82 86 -0.3281
k 82 87 -0.4375
k 82 89 -0.8281
k 82 92 -0.8281
k 82 93 -0.1719
k 82 97 -0.2188
k 82 99 -0.6719
k 82 100 -0.6719
k 82 101 -0.6719
k 82 102 0.1562
k 82 103 -0.6719
k 82 111 -0.6719
k 82 113 -0.6719
k 82 116 0.1562
k 82 117 -0.2188
k 82 118 0.2188
k 82 119 0.1562
k 82 120 0.2188
k 82 121 0.2188
k 82 125 -0.1719
k 83 38 0.3281
k 83 41 -0.0625
k 83 42 -0.2969
k 83 43 0.2969
k 83 44 -0.1562
k 83 45 0.2969
k 83 46 -0.1562
k 83 63 -0.0625
k 83 64 0.1719
k 83 65 -0.2188
k 83 83 0.2188
k 83 84 -0.3281
k 83 86 -0.2188
k 83 87 -0.3281
k 83 88 -0.5938
k 83 89 -0.4375
k 83 92 -0.3281
k 83 93 -0.0625
k 83 97 0.3281
k 83 99 0.2188
k 83 100 0.2188
k 83 101 0.2188
k 83 102 -0.3281
k 83 103 0.2188
k 83 111 0.2188
k 83 113 0.2188
k 83 115 0.2188
k 83 116 -0.3281
k 83 118 -0.3281
k 83 119 -0.3281
k 83 120 -0.8281
k 83 121 -0.3281
k 83 125 -0.0625
k 84 38 -1.0469
k 84 41 0.0625
k 84 42 0.0625
k 84 43 -0.8281
k 84 44 -2.6719
k 84 45 -0.8281
k 84 46 -2.6719
k 84 47 -2.5156
k 84 58 -0.1719
k 84 59 -0.1719
k 84 63 0.1719
k 84 64 -1.7344
k 84 65 -2.8281
k 84 67 -1.0469
k 84 71 -1.0469
k 84 74 -3.3438
k 84 79 -1.0469
k 84 81 -1.0469
k 84 83 0.2188
k 84 84 0.2188
k 84 86 0.3281
k 84 89 0.2188
k 84 93 0.0625
k 84 95 -0.6250
k 84 97 -2.3750
k 84 99 -2.6094
k 84 100 -2.6094
k 84 101 -2.6094
k 84 102 -0.6406
k 84 103 -2.6094
k 84 109 -1.0469
k 84 110 -1.0469
k 84 111 -2.6094
k 84 112 -1.0469
k 84 113 -2.6094
k 84 114 -1.0469
k 84 115 -1.4531
k 84 116 -0.6406
k 84 117 -0.9531
k 84 118 -1.2031
k 84 119 -1.2656
k 84 120 -0.9531
k 84 121 -1.2031
k 84 122 -1.0312
k 84 125 0.0625
k 85 44 -0.7344
k 85 46 -0.7344
k 85 47 -0.6719
k 85 65 -0.5938
k 85 74 -0.4844
k 85 115 0.1094
k 86 38 -0.6406
k 86 42 0.2656
k 86 43 -0.8281
k 86 44 -2.5312
k 86 45 -0.8281
k 86 46 -2.5312
k 86 47 -1.6719
k 86 58 -0.1719
k 86 59 -0.1719
k 86 64 -1.0000
k 86 65 -2.6094
k 86 67 -0.8281
k 86 71 -0.8281
k 86 74 -2.7344
k 86 79 -0.8281
k 86 81 -0.8281
k 86 84 0.3281
k 86 86 0.3281
k 86 87 0.2188
k 86 88 0.3281
k 86 89 0.5938
k 86 90 0.3281
k 86 92 0.0625
k 86 95 -1.0000
k 86 97 -1.3750
k 86 99 -1.5156
k 86 100 -1.5156
k 86 101 -1.5156
k 86 102 -0.3281
k 86 103 -1.5156
k 86 109 -0.7812
k 86 110 -0.7812
k 86 111 -1.5156
k 86 112 -0.7812
k 86 113 -1.5156
k 86 114 -0.7812
k 86 115 -1.1562
k 86 116 -0.3281
k 86 117 -1.0000
k 86 118 -0.3281
k 86 119 -0.4375
k 86 120 -0.5938
k 86 121 -0.3281
k 86 122 -0.8281
k 87 38 -0.5938
k 87 44 -2.0938
k 87 46 -2.0938
k 87 47 -0.7344
k 87 64 -0.2969
k 87 65 -1.1406
k 87 67 -0.3281
k 87 71 -0.3281
k 87 74 -1.4688
k 87 79 -0.3281
k 87 81 -0.3281
k 87 83 -0.2188
k 87 86 0.2188
k 87 87 -0.2656
k 87 88 -0.2188
k 87 89 0.2188
k 87 97 -1.0000
k 87 99 -1.0000
k 87 100 -1.0000
k 87 101 -1.0000
k 87 102 -0.3281
k 87 103 -1.0000
k 87 109 -0.3281
k 87 110 -0.3281
k 87 111 -1.0000
k 87 112 -0.3281
k 87 113 -1.0000
k 87 114 -0.3281
k 87 115 -0.5938
k 87 116 -0.3281
k 87 117 -0.3281
k 87 118 -0.2188
k 87 119 -0.3281
k 87 120 -0.3281
k 87 121 -0.3281
k 87 122 -0.5938
k 88 38 -0.6719
k 88 42 -0.7344
k 88 43 -0.8438
k 88 45 -0.8438
k 88 47 0.1562
k 88 63 -0.4688
k 88 64 -0.4375
k 88 65 0.5156
k 88 66 -0.3594
k 88 67 -0.4375
k 88 68 -0.3594
k 88 69 -0.3594
k 88 70 -0.3594
k 88 71 -0.4375
k 88 72 -0.3594
k 88 73 -0.3594
k 88 74 -0.1719
k 88 75 -0.3594
k 88 76 -0.3594
k 88 77 -0.3594
k 88 78 -0.3594
k 88 79 -0.4375
k 88 80 -0.3594
k 88 81 -0.4375
k 88 82 -0.3594
k 88 84 -0.2188
k 88 85 -0.5938
k 88 86 0.2188
k 88 87 -0.2188
k 88 88 0.3281
k 88 89 0.2188
k 88 90 0.2188
k 88 92 -0.2188
k 88 95 0.7812
k 88 97 -0.5938
k 88 99 -0.3750
k 88 100 -0.3750
k 88 101 -0.3750
k 88 102 -1.1562
k 88 103 -0.3750
k 88 111 -0.3750
k 88 113 -0.3750
k 88 115 0.2188
k 88 116 -1.1562
k 88 117 -0.3125
k 88 118 -1.4531
k 88 119 -1.1562
k 88 120 0.3281
k 88 121 -1.4531
k 88 122 0.2188
k 89 38 -1.2188
k 89 43 -1.0000
k 89 44 -2.6719
k 89 45 -1.0000
k 89 46 -2.6719
k 89 47 -1.9531
k 89 58 -0.6719
k 89 59 -0.6719
k 89 64 -2.0312
k 89 65 -2.8281
k 89 67 -1.4531
k 89 71 -1.4531
k 89 74 -3.1562
k 89 79 -1.4531
k 89 81 -1.4531
k 89 83 -0.2656
k 89 84 0.2188
k 89 86 0.5938
k 89 87 0.2188
k 89 88 0.2188
k 89 89 0.3281
k 89 90 0.2188
k 89 92 0.0625
k 89 95 -0.8438
k 89 97 -2.2656
k 89 98 -0.2188
k 89 99 -2.8438
k 89 100 -2.8438
k 89 101 -2.8438
k 89 102 -1.2969
k 89 103 -2.8438
k 89 104 -0.2188
k 89 105 -0.2188
k 89 106 -0.2188
k 89 107 -0.2188
k 89 108 -0.2188
k 89 109 -1.5156
k 89 110 -1.5156
k 89 111 -2.8438
k 89 112 -1.5156
k 89 113 -2.8438
k 89 114 -1.5156
k 89 115 -2.1406
k 89 116 -1.2969
k 89 117 -1.9531
k 89 118 -1.1094
k 89 119 -1.4531
k 89 120 -1.4531
k 89 121 -1.4531
k 89 122 -1.6094
k 90 38 -0.3750
k 90 43 -0.5312
k 90 44 0.0625
k 90 45 -0.5312
k 90 46 0.0625
k 90 58 0.0625
k 90 59 0.0625
k 90 63 0.0625
k 90 65 0.3281
k 90 67 -0.5625
k 90 71 -0.5625
k 90 74 0.2188
k 90 79 -0.5625
k 90 81 -0.5625
k 90 83 0.3281
k 90 84 0.0625
k 90 86 0.3281
k 90 88 0.2188
k 90 89 0.2188
k 90 90 0.2188
k 90 92 -0.1562
k 90 97 0.2188
k 90 99 -0.4375
k 90 100 -0.4375
k 90 101 -0.4375
k 90 102 -0.3281
k 90 103 -0.4375
k 90 111 -0.4375
k 90 113 -0.4375
k 90 115 0.2188
k 90 116 -0.3281
k 90 117 -0.2188
k 90 118 -0.1562
k 90 119 -0.2188
k 90 121 -0.2188
k 90 122 0.2188
k 91 44 -0.3750
k 91 46 -0.3750
k 91 51 -0.0625
k 91 52 -0.4688
k 91 53 -0.0625
k 91 55 0.0625
k 91 56 -0.0625
k 91 57 -0.0625
k 91 67 -0.1719
k 91 71 -0.1719
k 91 74 -0.7500
k 91 79 -0.1719
k 91 81 -0.1719
k 91 84 0.0625
k 91 99 -0.0625
k 91 100 -0.0625
k 91 101 -0.0625
k 91 102 -0.1719
k 91 103 -0.0625
k 91 106 0.9062
k 91 111 -0.0625
k 91 113 -0.0625
k 91 116 -0.1719
k 92 48 -0.6719
k 92 49 -1.1406
k 92 51 -0.1719
k 92 52 -0.7344
k 92 53 -0.1719
k 92 54 -0.6719
k 92 55 -0.8438
k 92 56 -0.1719
k 92 57 -0.1719
k 92 65 0.1719
k 92 67 -0.8438
k 92 71 -0.8438
k 92 79 -0.8438
k 92 81 -0.8438
k 92 84 -2.4844
k 92 85 -0.8281
k 92 86 -1.7344
k 92 87 -0.7344
k 92 89 -2.1875
k 92 92 -3.4219
k 92 97 -0.1719
k 92 99 -0.6719
k 92 100 -0.6719
k 92 101 -0.6719
k 92 102 -1.0625
k 92 103 -0.6719
k 92 106 3.0938
k 92 111 -0.6719
k 92 113 -0.6719
k 92 116 -1.0625
k 92 117 -0.3281
k 92 118 -1.7969
k 92 119 -0.8438
k 92 121 1.3125
k 92 122 0.0625
k 95 84 -0.6250
k 95 86 -1.0000
k 95 89 -0.8438
k 95 98 0.6250
k 95 99 -0.2188
k 95 100 -0.2188
k 95 101 -0.2188
k 95 102 -1.0000
k 95 103 -0.2188
k 95 104 0.6250
k 95 105 0.6250
k 95 106 1.7344
k 95 107 0.6250
k 95 108 0.6250
k 95 111 -0.2188
k 95 112 0.7812
k 95 113 -0.2188
k 95 116 -1.0000
k 95 118 -0.8438
k 95 121 0.2969
k 97 42 -0.3750
k 97 63 -0.9531
k 97 84 -1.3281
k 97 86 -0.5156
k 97 87 -0.4375
k 97 89 -1.4531
k 97 92 -1.6094
k 97 102 -0.3281
k 97 116 -0.3281
k 97 117 -0.1094
k 97 118 -0.5938
k 97 119 -0.2188
k 97 121 -0.2188
k 98 38 0.2188
k 98 41 -0.0625
k 98 42 -0.6406
k 98 43 0.2188
k 98 44 -0.5625
k 98 45 0.2188
k 98 46 -0.5625
k 98 47 -0.7344
k 98 58 -0.1562
k 98 59 -0.1562
k 98 63 -1.2969
k 98 65 -0.5938
k 98 84 -2.6094
k 98 86 -1.5156
k 98 87 -1.0000
k 98 88 -1.0625
k 98 89 -2.8438
k 98 90 -0.4375
k 98 92 -2.3438
k 98 93 -0.0625
k 98 95 -0.2188
k 98 97 0.1094
k 98 102 -0.6406
k 98 116 -0.6406
k 98 118 -0.3281
k 98 119 -0.2188
k 98 120 -1.0000
k 98 121 -0.3281
k 98 122 -0.2656
k 98 125 -0.0625
k 99 38 0.1562
k 99 44 -0.1562
k 99 46 -0.1562
k 99 63 -0.5312
k 99 84 -1.6719
k 99 89 -0.7812
k 99 92 -1.4531
k 99 99 -0.3281
k 99 100 -0.3281
k 99 101 -0.3281
k 99 102 0.2188
k 99 103 -0.3281
k 99 111 -0.3281
k 99 113 -0.3281
k 99 115 0.1094
k 99 116 0.2188
k 99 118 0.2188
k 99 119 0.2188
k 99 122 0.2188
k 100 95 0.7812
k 101 38 0.0625
k 101 42 -0.5625
k 101 43 0.0625
k 101 44 -0.6719
k 101 45 0.0625
k 101 46 -0.6719
k 101 47 -0.2969
k 101 63 -1.3750
k 101 84 -2.2188
k 101 86 -1.2188
k 101 87 -0.6719
k 101 88 -0.5156
k 101 89 -2.0000
k 101 92 -2.3438
k 101 97 -0.1562
k 101 102 -0.3281
k 101 115 0.1094
k 101 116 -0.3281
k 101 118 -0.3281
k 101 119 -0.2188
k 101 120 -0.8281
k 101 121 -0.3281
k 102 42 0.5156
k 102 44 -2.2188
k 102 46 -2.2188
k 102 47 -1.8438
k 102 63 0.1562
k 102 65 -0.9531
k 102 74 -1.0000
k 102 83 0.2188
k 102 95 -0.4375
k 102 97 -0.3750
k 102 99 -0.5156
k 102 100 -0.5156
k 102 101 -0.5156
k 102 102 0.1562
k 102 103 -0.5156
k 102 111 -0.5156
k 102 113 -0.5156
k 102 116 0.1562
k 102 118 0.1094
k 102 121 0.1562
k 103 47 0.3750
k 103 63 -0.4375
k 103 84 -1.0469
k 103 86 -0.7812
k 103 87 -0.3281
k 103 89 -1.5156
k 103 92 -1.6719
k 103 95 0.2188
k 104 42 -0.3750
k 104 63 -0.9531
k 104 84 -1.3281
k 104 86 -0.5156
k 104 87 -0.4375
k 104 89 -1.4531
k 104 92 -1.6094
k 104 102 -0.3281
k 104 116 -0.3281
k 104 117 -0.1094
k 104 118 -0.5938
k 104 119 -0.2188
k 104 121 -0.2188
k 105 95 0.7812
k 106 47 0.3281
k 107 38 -0.4375
k 107 41 -0.1719
k 107 43 -0.8906
k 107 45 -0.8906
k 107 47 0.1719
k 107 63 -0.2031
k 107 64 -0.4375
k 107 84 -0.9531
k 107 89 -1.0000
k 107 92 -1.4688
k 107 93 -0.1719
k 107 97 -0.3281
k 107 99 -1.0000
k 107 100 -1.0000
k 107 101 -1.0000
k 107 102 -0.2188
k 107 103 -1.0000
k 107 111 -1.0000
k 107 113 -1.0000
k 107 115 -0.1562
k 107 116 -0.2188
k 107 117 -0.3281
k 107 120 0.3281
k 107 121 0.0625
k 107 122 0.1719
k 107 125 -0.1719
k 108 95 0.7812
k 109 42 -0.3750
k 109 63 -0.9531
k 109 84 -1.3281
k 109 86 -0.5156
k 109 87 -0.4375
k 109 89 -1.4531
k 109 92 -1.6094
k 109 102 -0.3281
k 109 116 -0.3281
k 109 117 -0.1094
k 109 118 -0.5938
k 109 119 -0.2188
k 109 121 -0.2188
k 110 42 -0.3750
k 110 63 -0.9531
k 110 84 -1.3281
k 110 86 -0.5156
k 110 87 -0.4375
k 110 89 -1.4531
k 110 92 -1.6094
k 110 102 -0.3281
k 110 116 -0.3281
k 110 117 -0.1094
k 110 118 -0.5938
k 110 119 -0.2188
k 110 121 -0.2188
k 111 38 0.2188
k 111 41 -0.0625
k 111 42 -0.6406
k 111 43 0.2188
k 111 44 -0.5625
k 111 45 0.2188
k 111 46 -0.5625
k 111 47 -0.7344
k 111 58 -0.1562
k 111 59 -0.1562
k 111 63 -1.2969
k 111 65 -0.5938
k 111 84 -2.6094
k 111 86 -1.5156
k 111 87 -1.0000
k 111 88 -1.0625
k 111 89 -2.8438
k 111 90 -0.4375
k 111 92 -2.3438
k 111 93 -0.0625
k 111 95 -0.2188
k 111 97 0.1094
k 111 102 -0.6406
k 111 116 -0.6406
k 111 118 -0.3281
k 111 119 -0.2188
k 111 120 -1.0000
k 111 121 -0.3281
k 111 122 -0.2656
k 111 125 -0.0625
k 112 38 0.2188
k 112 41 -0.0625
k 112 42 -0.6406
k 112 43 0.2188
k 112 44 -0.5625
k 112 45 0.2188
k 112 46 -0.5625
k 112 47 -0.7344
k 112 58 -0.1562
k 112 59 -0.1562
k 112 63 -1.2969
k 112 65 -0.5938
k 112 84 -2.6094
k 112 86 -1.5156
k 112 87 -1.0000
k 112 88 -1.0625
k 112 89 -2.8438
k 112 90 -0.4375
k 112 92 -2.3438
k 112 93 -0.0625
k 112 95 -0.2188
k 112 97 0.1094
k 112 102 -0.6406
k 112 116 -0.6406
k 112 118 -0.3281
k 112 119 -0.2188
k 112 120 -1.0000
k 112 121 -0.3281
k 112 122 -0.2656
k 112 125 -0.0625
k 113 47 0.8438
k 113 63 -0.4375
k 113 84 -1.0469
k 113 86 -0.7812
k 113 87 -0.3281
k 113 89 -1.5156
k 113 92 -1.6719
k 113 95 0.2188
k 114 38 -0.8281
k 114 41 -0.0625
k 114 43 -0.4375
k 114 44 -2.0312
k 114 45 -0.4375
k 114 46 -2.0312
k 114 47 -2.2031
k 114 58 0.0625
k 114 59 0.0625
k 114 64 -0.8281
k 114 92 -1.2188
k 114 93 -0.0625
k 114 97 -0.4375
k 114 99 -0.6406
k 114 100 -0.6406
k 114 101 -0.6406
k 114 103 -0.6406
k 114 111 -0.6406
k 114 113 -0.6406
k 114 117 -0.1562
k 114 118 0.3281
k 114 119 0.1562
k 114 121 0.2188
k 114 125 -0.0625
k 115 38 0.3281
k 115 42 -0.2656
k 115 44 -0.1562
k 115 46 -0.1562
k 115 47 -0.1562
k 115 63 -0.6719
k 115 84 -1.4531
k 115 86 -0.9531
k 115 87 -0.5938
k 115 89 -1.5625
k 115 92 -1.6719
k 115 97 0.1094
k 115 99 0.1094
k 115 100 0.1094
k 115 101 0.1094
k 115 102 -0.2188
k 115 103 0.1094
k 115 111 0.1094
k 115 113 0.1094
k 115 116 -0.2188
k 115 120 -0.3281
k 115 121 -0.2188
k 116 33 0.0625
k 116 43 -0.1562
k 116 45 -0.1562
k 116 58 0.0625
k 116 59 0.0625
k 116 63 0.1719
k 116 84 -0.4375
k 116 87 -0.2969
k 116 89 -0.7812
k 116 92 -1.2188
k 116 95 0.6719
k 116 98 0.1406
k 116 99 -0.1719
k 116 100 -0.1719
k 116 101 -0.1719
k 116 102 0.2188
k 116 103 -0.1719
k 116 104 0.1406
k 116 105 0.1406
k 116 106 0.1406
k 116 107 0.1406
k 116 108 0.1406
k 116 111 -0.1719
k 116 113 -0.1719
k 116 115 0.2188
k 116 116 0.2188
k 116 118 0.3281
k 116 119 0.2188
k 116 120 0.2188
k 116 121 0.2188
k 116 122 0.2188
k 117 47 0.3750
k 117 63 -0.4375
k 117 84 -1.0469
k 117 86 -0.7812
k 117 87 -0.3281
k 117 89 -1.5156
k 117 92 -1.6719
k 117 95 0.2188
k 118 38 -0.1719
k 118 42 0.2656
k 118 44 -1.6719
k 118 46 -1.6719
k 118 47 -1.5625
k 118 58 0.0625
k 118 59 0.0625
k 118 63 0.1719
k 118 64 -0.2969
k 118 65 -1.7969
k 118 84 -1.2031
k 118 86 -0.3281
k 118 87 -0.2188
k 118 88 -1.4531
k 118 89 -1.1094
k 118 90 -0.1562
k 118 92 -0.8281
k 118 95 -1.0000
k 118 97 -0.4375
k 118 99 -0.3281
k 118 100 -0.3281
k 118 101 -0.3281
k 118 102 0.3281
k 118 103 -0.3281
k 118 111 -0.3281
k 118 113 -0.3281
k 118 116 0.3281
k 118 117 -0.2188
k 118 118 0.4375
k 118 119 0.2656
k 118 120 0.2656
k 118 121 0.2656
k 118 122 0.0625
k 119 38 -0.0625
k 119 42 0.0625
k 119 44 -0.8906
k 119 46 -0.8906
k 119 47 -0.7344
k 119 58 0.0625
k 119 59 0.0625
k 119 63 0.1719
k 119 64 -0.0625
k 119 65 -1.0000
k 119 84 -1.2656
k 119 86 -0.4375
k 119 87 -0.3281
k 119 88 -1.1562
k 119 89 -1.4531
k 119 90 -0.1562
k 119 92 -1.0000
k 119 97 -0.1562
k 119 99 -0.2188
k 119 100 -0.2188
k 119 101 -0.2188
k 119 102 0.2188
k 119 103 -0.2188
k 119 111 -0.2188
k 119 113 -0.2188
k 119 116 0.2188
k 119 118 0.2656
k 119 119 0.2188
k 119 121 0.2656
k 120 38 -0.4375
k 120 41 -0.1719
k 120 43 -0.8906
k 120 45 -0.8906
k 120 47 0.1719
k 120 63 -0.2031
k 120 64 -0.4375
k 120 84 -0.9531
k 120 89 -1.0000
k 120 92 -1.4688
k 120 93 -0.1719
k 120 97 -0.3281
k 120 99 -1.0000
k 120 100 -1.0000
k 120 101 -1.0000
k 120 102 -0.2188
k 120 103 -1.0000
k 120 111 -1.0000
k 120 113 -1.0000
k 120 115 -0.1562
k 120 116 -0.2188
k 120 117 -0.3281
k 120 120 0.3281
k 120 121 0.0625
k 120 122 0.0625
k 120 125 -0.1719
k 121 38 -0.1719
k 121 42 0.2656
k 121 44 -1.6719
k 121 46 -1.6719
k 121 47 -1.5625
k 121 58 0.0625
k 121 59 0.0625
k 121 63 0.1719
k 121 64 -0.2969
k 121 65 -1.7969
k 121 84 -1.2031
k 121 86 -0.3281
k 121 87 -0.2188
k 121 88 -1.4531
k 121 89 -1.1094
k 121 90 -0.1562
k 121 92 -0.8281
k 121 95 -1.0000
k 121 97 -0.4375
k 121 99 -0.3281
k 121 100 -0.3281
k 121 101 -0.3281
k 121 102 0.3281
k 121 103 -0.3281
k 121 111 -0.3281
k 121 113 -0.3281
k 121 116 0.3281
k 121 117 -0.2188
k 121 118 0.4375
k 121 119 0.2656
k 121 120 0.2656
k 121 121 0.2656
k 121 122 0.0625
k 122 38 -0.1562
k 122 43 -0.5312
k 122 45 -0.5312
k 122 63 -0.1562
k 122 84 -1.0312
k 122 86 -0.8281
k 122 87 -0.5938
k 122 89 -1.6094
k 122 92 -1.3125
k 122 99 -0.3281
k 122 100 -0.3281
k 122 101 -0.3281
k 122 103 -0.3281
k 122 111 -0.3281
k 122 113 -0.3281
k 122 118 0.0625
k 122 120 0.0625
k 122 121 0.0625
k 122 122 0.0625
k 123 44 -0.3750
k 123 46 -0.3750
k 123 51 -0.0625
k 123 52 -0.4688
k 123 53 -0.0625
k 123 55 0.0625
k 123 56 -0.0625
k 123 57 -0.0625
k 123 67 -0.1719
k 123 71 -0.1719
k 123 74 -0.7500
k 123 79 -0.1719
k 123 81 -0.1719
k 123 84 0.0625
k 123 99 -0.0625
k 123 100 -0.0625
k 123 101 -0.0625
k 123 102 -0.1719
k 123 103 -0.0625
k 123 106 0.9062
k 123 111 -0.0625
k 123 113 -0.0625
k 123 116 -0.1719
