size 32.25
atlas 512 1024
metrics 33 10
subpixels 4
g 32 0 0 0 0 0 0 0 6.6094
g 32 1 0 0 0 0 0 0 6.6094
g 32 2 0 0 0 0 0 0 6.6094
g 32 3 0 0 0 0 0 0 6.6094
g 33 0 1 1 11 27 -1 -25 7.3281
g 33 1 13 1 11 27 -1 -25 7.3281
g 33 2 25 1 11 27 -1 -25 7.3281
g 33 3 37 1 11 27 -1 -25 7.3281
g 34 0 49 1 16 25 -1 -24 12.8281
g 34 1 66 1 16 25 -1 -24 12.8281
g 34 2 83 1 16 25 -1 -24 12.8281
g 34 3 100 1 16 25 -1 -24 12.8281
g 35 0 117 1 27 25 -1 -24 23.3438
g 35 1 145 1 27 25 -1 -24 23.3438
g 35 2 173 1 27 25 -1 -24 23.3438
g 35 3 201 1 27 25 -1 -24 23.3438
g 36 0 229 1 23 30 -1 -26 19.0312
g 36 1 253 1 23 30 -1 -26 19.0312
g 36 2 277 1 23 30 -1 -26 19.0312
g 36 3 301 1 23 30 -1 -26 19.0312
g 37 0 325 1 28 27 -1 -25 25.0312
g 37 1 354 1 28 27 -1 -25 25.0312
g 37 2 383 1 28 27 -1 -25 25.0312
g 37 3 412 1 28 27 -1 -25 25.0312
g 38 0 441 1 25 27 -1 -25 21.7344
g 38 1 467 1 25 27 -1 -25 21.7344
g 38 2 1 32 25 27 -1 -25 21.7344
g 38 3 27 32 25 27 -1 -25 21.7344
g 39 0 53 32 11 25 -1 -24 7.4844
g 39 1 65 32 11 25 -1 -24 7.4844
g 39 2 77 32 11 25 -1 -24 7.4844
g 39 3 89 32 11 25 -1 -24 7.4844
g 40 0 101 32 17 34 -1 -25 13.0625
g 40 1 119 32 17 34 -1 -25 13.0625
g 40 2 137 32 17 34 -1 -25 13.0625
g 40 3 155 32 17 34 -1 -25 13.0625
g 41 0 173 32 17 34 -1 -25 13.0625
g 41 1 191 32 17 34 -1 -25 13.0625
g 41 2 209 32 17 34 -1 -25 13.0625
g 41 3 227 32 17 34 -1 -25 13.0625
g 42 0 245 32 18 25 -1 -24 15.0312
g 42 1 264 32 18 25 -1 -24 15.0312
g 42 2 283 32 18 25 -1 -24 15.0312
g 42 3 302 32 18 25 -1 -24 15.0312
g 43 0 321 32 23 21 -1 -20 19.3438
g 43 1 345 32 23 21 -1 -20 19.3438
g 43 2 369 32 23 21 -1 -20 19.3438
g 43 3 393 32 23 21 -1 -20 19.3438
g 44 0 417 32 12 11 -1 -5 8.0625
g 44 1 430 32 12 11 -1 -5 8.0625
g 44 2 443 32 12 11 -1 -5 8.0625
g 44 3 456 32 12 11 -1 -5 8.0625
g 45 0 469 32 18 13 -1 -12 14.6719
g 45 1 488 32 18 13 -1 -12 14.6719
g 45 2 1 67 18 13 -1 -12 14.6719
g 45 3 20 67 18 13 -1 -12 14.6719
g 46 0 39 67 12 8 -1 -6 8.0625
g 46 1 52 67 12 8 -1 -6 8.0625
g 46 2 65 67 12 8 -1 -6 8.0625
g 46 3 78 67 12 8 -1 -6 8.0625
g 47 0 91 67 21 32 -3 -24 15.9688
g 47 1 113 67 21 32 -3 -24 15.9688
g 47 2 135 67 21 32 -3 -24 15.9688
g 47 3 157 67 21 32 -3 -24 15.9688
g 48 0 179 67 25 27 -1 -25 21.8594
g 48 1 205 67 25 27 -1 -25 21.8594
g 48 2 231 67 25 27 -1 -25 21.8594
g 48 3 257 67 25 27 -1 -25 21.8594
g 49 0 283 67 14 25 -1 -24 10.6406
g 49 1 298 67 14 25 -1 -24 10.6406
g 49 2 313 67 14 25 -1 -24 10.6406
g 49 3 328 67 14 25 -1 -24 10.6406
g 50 0 343 67 23 26 -1 -25 19.3438
g 50 1 367 67 23 26 -1 -25 19.3438
g 50 2 391 67 23 26 -1 -25 19.3438
g 50 3 415 67 23 26 -1 -25 19.3438
g 51 0 439 67 23 27 -1 -25 19.3438
g 51 1 463 67 23 27 -1 -25 19.3438
g 51 2 487 67 23 27 -1 -25 19.3438
g 51 3 1 100 23 27 -1 -25 19.3438
g 52 0 25 100 25 25 -1 -24 21.1562
g 52 1 51 100 25 25 -1 -24 21.1562
g 52 2 77 100 25 25 -1 -24 21.1562
g 52 3 103 100 25 25 -1 -24 21.1562
g 53 0 129 100 23 26 -1 -24 19.3438
g 53 1 153 100 23 26 -1 -24 19.3438
g 53 2 177 100 23 26 -1 -24 19.3438
g 53 3 201 100 23 26 -1 -24 19.3438
g 54 0 225 100 23 27 -1 -25 19.3438
g 54 1 249 100 23 27 -1 -25 19.3438
g 54 2 273 100 23 27 -1 -25 19.3438
g 54 3 297 100 23 27 -1 -25 19.3438
g 55 0 321 100 23 25 -1 -24 19.3438
g 55 1 345 100 23 25 -1 -24 19.3438
g 55 2 369 100 23 25 -1 -24 19.3438
g 55 3 393 100 23 25 -1 -24 19.3438
g 56 0 417 100 23 27 -1 -25 19.3438
g 56 1 441 100 23 27 -1 -25 19.3438
g 56 2 465 100 23 27 -1 -25 19.3438
g 56 3 1 128 23 27 -1 -25 19.3438
g 57 0 25 128 24 27 -1 -25 20.2500
g 57 1 50 128 24 27 -1 -25 20.2500
g 57 2 75 128 24 27 -1 -25 20.2500
g 57 3 100 128 24 27 -1 -25 20.2500
g 58 0 125 128 12 21 -1 -19 8.0625
g 58 1 138 128 12 21 -1 -19 8.0625
g 58 2 151 128 12 21 -1 -19 8.0625
g 58 3 164 128 12 21 -1 -19 8.0625
g 59 0 177 128 12 25 -1 -19 8.0625
g 59 1 190 128 12 25 -1 -19 8.0625
g 59 2 203 128 12 25 -1 -19 8.0625
g 59 3 216 128 12 25 -1 -19 8.0625
g 60 0 229 128 23 23 -1 -22 19.3438
g 60 1 253 128 23 23 -1 -22 19.3438
g 60 2 277 128 23 23 -1 -22 19.3438
g 60 3 301 128 23 23 -1 -22 19.3438
g 61 0 325 128 23 18 -1 -17 19.3438
g 61 1 349 128 23 18 -1 -17 19.3438
g 61 2 373 128 23 18 -1 -17 19.3438
g 61 3 397 128 23 18 -1 -17 19.3438
g 62 0 421 128 23 23 -1 -22 19.3438
g 62 1 445 128 23 23 -1 -22 19.3438
g 62 2 469 128 23 23 -1 -22 19.3438
g 62 3 1 156 23 23 -1 -22 19.3438
g 63 0 25 156 20 27 -1 -25 16.7656
g 63 1 46 156 20 27 -1 -25 16.7656
g 63 2 67 156 20 27 -1 -25 16.7656
g 63 3 88 156 20 27 -1 -25 16.7656
g 64 0 109 156 29 26 -1 -20 25.2812
g 64 1 139 156 29 26 -1 -20 25.2812
g 64 2 169 156 29 26 -1 -20 25.2812
g 64 3 199 156 29 26 -1 -20 25.2812
g 65 0 229 156 28 25 -2 -24 23.0625
g 65 1 258 156 28 25 -2 -24 23.0625
g 65 2 287 156 28 25 -2 -24 23.0625
g 65 3 316 156 28 25 -2 -24 23.0625
g 66 0 345 156 25 25 -1 -24 21.9688
g 66 1 371 156 25 25 -1 -24 21.9688
g 66 2 397 156 25 25 -1 -24 21.9688
g 66 3 423 156 25 25 -1 -24 21.9688
g 67 0 449 156 27 27 -1 -25 23.1875
g 67 1 477 156 27 27 -1 -25 23.1875
g 67 2 1 184 27 27 -1 -25 23.1875
g 67 3 29 184 27 27 -1 -25 23.1875
g 68 0 57 184 27 25 -1 -24 23.6094
g 68 1 85 184 27 25 -1 -24 23.6094
g 68 2 113 184 27 25 -1 -24 23.6094
g 68 3 141 184 27 25 -1 -24 23.6094
g 69 0 169 184 24 25 -1 -24 20.5156
g 69 1 194 184 24 25 -1 -24 20.5156
g 69 2 219 184 24 25 -1 -24 20.5156
g 69 3 244 184 24 25 -1 -24 20.5156
g 70 0 269 184 24 26 -1 -24 20.2812
g 70 1 294 184 24 26 -1 -24 20.2812
g 70 2 319 184 24 26 -1 -24 20.2812
g 70 3 344 184 24 26 -1 -24 20.2812
g 71 0 369 184 29 27 -1 -25 25.5469
g 71 1 399 184 29 27 -1 -25 25.5469
g 71 2 429 184 29 27 -1 -25 25.5469
g 71 3 459 184 29 27 -1 -25 25.5469
g 72 0 1 212 27 25 -1 -24 23.5781
g 72 1 29 212 27 25 -1 -24 23.5781
g 72 2 57 212 27 25 -1 -24 23.5781
g 72 3 85 212 27 25 -1 -24 23.5781
g 73 0 113 212 12 25 -1 -24 8.3594
g 73 1 126 212 12 25 -1 -24 8.3594
g 73 2 139 212 12 25 -1 -24 8.3594
g 73 3 152 212 12 25 -1 -24 8.3594
g 74 0 165 212 24 26 -1 -24 20.2500
g 74 1 190 212 24 26 -1 -24 20.2500
g 74 2 215 212 24 26 -1 -24 20.2500
g 74 3 240 212 24 26 -1 -24 20.2500
g 75 0 265 212 26 25 -1 -24 21.6719
g 75 1 292 212 26 25 -1 -24 21.6719
g 75 2 319 212 26 25 -1 -24 21.6719
g 75 3 346 212 26 25 -1 -24 21.6719
g 76 0 373 212 24 25 -1 -24 20.0000
g 76 1 398 212 24 25 -1 -24 20.0000
g 76 2 423 212 24 25 -1 -24 20.0000
g 76 3 448 212 24 25 -1 -24 20.0000
g 77 0 473 212 32 25 -1 -24 28.0938
g 77 1 1 239 32 25 -1 -24 28.0938
g 77 2 34 239 32 25 -1 -24 28.0938
g 77 3 67 239 32 25 -1 -24 28.0938
g 78 0 100 239 27 25 -1 -24 23.8906
g 78 1 128 239 27 25 -1 -24 23.8906
g 78 2 156 239 27 25 -1 -24 23.8906
g 78 3 184 239 27 25 -1 -24 23.8906
g 79 0 212 239 30 27 -1 -25 26.1562
g 79 1 243 239 30 27 -1 -25 26.1562
g 79 2 274 239 30 27 -1 -25 26.1562
g 79 3 305 239 30 27 -1 -25 26.1562
g 80 0 336 239 25 26 -1 -24 21.6406
g 80 1 362 239 25 26 -1 -24 21.6406
g 80 2 388 239 25 26 -1 -24 21.6406
g 80 3 414 239 25 26 -1 -24 21.6406
g 81 0 440 239 30 27 -1 -25 26.1562
g 81 1 471 239 30 27 -1 -25 26.1562
g 81 2 1 267 30 27 -1 -25 26.1562
g 81 3 32 267 30 27 -1 -25 26.1562
g 82 0 63 267 25 25 -1 -24 21.5781
g 82 1 89 267 25 25 -1 -24 21.5781
g 82 2 115 267 25 25 -1 -24 21.5781
g 82 3 141 267 25 25 -1 -24 21.5781
g 83 0 167 267 24 27 -1 -25 20.0625
g 83 1 192 267 24 27 -1 -25 20.0625
g 83 2 217 267 24 27 -1 -25 20.0625
g 83 3 242 267 24 27 -1 -25 20.0625
g 84 0 267 267 24 25 -1 -24 20.6719
g 84 1 292 267 24 25 -1 -24 20.6719
g 84 2 317 267 24 25 -1 -24 20.6719
g 84 3 342 267 24 25 -1 -24 20.6719
g 85 0 367 267 27 26 -1 -24 23.1562
g 85 1 395 267 27 26 -1 -24 23.1562
g 85 2 423 267 27 26 -1 -24 23.1562
g 85 3 451 267 27 26 -1 -24 23.1562
g 86 0 479 267 28 25 -2 -24 23.0625
g 86 1 1 295 28 25 -2 -24 23.0625
g 86 2 30 295 28 25 -2 -24 23.0625
g 86 3 59 295 28 25 -2 -24 23.0625
g 87 0 88 295 33 25 -1 -24 29.8281
g 87 1 122 295 33 25 -1 -24 29.8281
g 87 2 156 295 33 25 -1 -24 29.8281
g 87 3 190 295 33 25 -1 -24 29.8281
g 88 0 224 295 27 25 -2 -24 21.9375
g 88 1 252 295 27 25 -2 -24 21.9375
g 88 2 280 295 27 25 -2 -24 21.9375
g 88 3 308 295 27 25 -2 -24 21.9375
g 89 0 336 295 27 25 -2 -24 22.0938
g 89 1 364 295 27 25 -2 -24 22.0938
g 89 2 392 295 27 25 -2 -24 22.0938
g 89 3 420 295 27 25 -2 -24 22.0938
g 90 0 448 295 23 25 -1 -24 19.7656
g 90 1 472 295 23 25 -1 -24 19.7656
g 90 2 1 321 23 25 -1 -24 19.7656
g 90 3 25 321 23 25 -1 -24 19.7656
g 91 0 49 321 16 32 -1 -24 12.2188
g 91 1 66 321 16 32 -1 -24 12.2188
g 91 2 83 321 16 32 -1 -24 12.2188
g 91 3 100 321 16 32 -1 -24 12.2188
g 92 0 117 321 22 32 -1 -24 16.1875
g 92 1 140 321 22 32 -1 -24 16.1875
g 92 2 163 321 22 32 -1 -24 16.1875
g 92 3 186 321 22 32 -1 -24 16.1875
g 93 0 209 321 16 32 -1 -24 12.2188
g 93 1 226 321 16 32 -1 -24 12.2188
g 93 2 243 321 16 32 -1 -24 12.2188
g 93 3 260 321 16 32 -1 -24 12.2188
g 94 0 277 321 22 25 -1 -24 18.2812
g 94 1 300 321 22 25 -1 -24 18.2812
g 94 2 323 321 22 25 -1 -24 18.2812
g 94 3 346 321 22 25 -1 -24 18.2812
g 95 0 369 321 19 8 -1 -1 15.7969
g 95 1 389 321 19 8 -1 -1 15.7969
g 95 2 409 321 19 8 -1 -1 15.7969
g 95 3 429 321 19 8 -1 -1 15.7969
g 96 0 449 321 23 26 -1 -25 19.3438
g 96 1 473 321 23 26 -1 -25 19.3438
g 96 2 1 354 23 26 -1 -25 19.3438
g 96 3 25 354 23 26 -1 -25 19.3438
g 97 0 49 354 21 21 -1 -19 17.5156
g 97 1 71 354 21 21 -1 -19 17.5156
g 97 2 93 354 21 21 -1 -19 17.5156
g 97 3 115 354 21 21 -1 -19 17.5156
g 98 0 137 354 23 27 -1 -25 19.9375
g 98 1 161 354 23 27 -1 -25 19.9375
g 98 2 185 354 23 27 -1 -25 19.9375
g 98 3 209 354 23 27 -1 -25 19.9375
g 99 0 233 354 20 21 -1 -19 16.9688
g 99 1 254 354 20 21 -1 -19 16.9688
g 99 2 275 354 20 21 -1 -19 16.9688
g 99 3 296 354 20 21 -1 -19 16.9688
g 100 0 317 354 23 27 -1 -25 19.9375
g 100 1 341 354 23 27 -1 -25 19.9375
g 100 2 365 354 23 27 -1 -25 19.9375
g 100 3 389 354 23 27 -1 -25 19.9375
g 101 0 413 354 22 21 -1 -19 18.6719
g 101 1 436 354 22 21 -1 -19 18.6719
g 101 2 459 354 22 21 -1 -19 18.6719
g 101 3 482 354 22 21 -1 -19 18.6719
g 102 0 1 382 17 27 -1 -26 13.3125
g 102 1 19 382 17 27 -1 -26 13.3125
g 102 2 37 382 17 27 -1 -26 13.3125
g 102 3 55 382 17 27 -1 -26 13.3125
g 103 0 73 382 23 27 -1 -19 19.7969
g 103 1 97 382 23 27 -1 -19 19.7969
g 103 2 121 382 23 27 -1 -19 19.7969
g 103 3 145 382 23 27 -1 -19 19.7969
g 104 0 169 382 22 26 -1 -25 18.6719
g 104 1 192 382 22 26 -1 -25 18.6719
g 104 2 215 382 22 26 -1 -25 18.6719
g 104 3 238 382 22 26 -1 -25 18.6719
g 105 0 261 382 11 26 -1 -25 7.4219
g 105 1 273 382 11 26 -1 -25 7.4219
g 105 2 285 382 11 26 -1 -25 7.4219
g 105 3 297 382 11 26 -1 -25 7.4219
g 106 0 309 382 13 33 -3 -25 7.4219
g 106 1 323 382 13 33 -3 -25 7.4219
g 106 2 337 382 13 33 -3 -25 7.4219
g 106 3 351 382 13 33 -3 -25 7.4219
g 107 0 365 382 22 26 -1 -25 17.5781
g 107 1 388 382 22 26 -1 -25 17.5781
g 107 2 411 382 22 26 -1 -25 17.5781
g 107 3 434 382 22 26 -1 -25 17.5781
g 108 0 457 382 11 26 -1 -25 7.4219
g 108 1 469 382 11 26 -1 -25 7.4219
g 108 2 481 382 11 26 -1 -25 7.4219
g 108 3 493 382 11 26 -1 -25 7.4219
g 109 0 1 416 32 20 -1 -19 28.7344
g 109 1 34 416 32 20 -1 -19 28.7344
g 109 2 67 416 32 20 -1 -19 28.7344
g 109 3 100 416 32 20 -1 -19 28.7344
g 110 0 133 416 22 20 -1 -19 18.6719
g 110 1 156 416 22 20 -1 -19 18.6719
g 110 2 179 416 22 20 -1 -19 18.6719
g 110 3 202 416 22 20 -1 -19 18.6719
g 111 0 225 416 23 21 -1 -19 19.6406
g 111 1 249 416 23 21 -1 -19 19.6406
g 111 2 273 416 23 21 -1 -19 19.6406
g 111 3 297 416 23 21 -1 -19 19.6406
g 112 0 321 416 23 27 -1 -19 19.9375
g 112 1 345 416 23 27 -1 -19 19.9375
g 112 2 369 416 23 27 -1 -19 19.9375
g 112 3 393 416 23 27 -1 -19 19.9375
g 113 0 417 416 23 27 -1 -19 19.9375
g 113 1 441 416 23 27 -1 -19 19.9375
g 113 2 465 416 23 27 -1 -19 19.9375
g 113 3 1 444 23 27 -1 -19 19.9375
g 114 0 25 444 16 20 -1 -19 12.5156
g 114 1 42 444 16 20 -1 -19 12.5156
g 114 2 59 444 16 20 -1 -19 12.5156
g 114 3 76 444 16 20 -1 -19 12.5156
g 115 0 93 444 19 21 -1 -19 15.3906
g 115 1 113 444 19 21 -1 -19 15.3906
g 115 2 133 444 19 21 -1 -19 15.3906
g 115 3 153 444 19 21 -1 -19 15.3906
g 116 0 173 444 17 26 -1 -24 13.0938
g 116 1 191 444 17 26 -1 -24 13.0938
g 116 2 209 444 17 26 -1 -24 13.0938
g 116 3 227 444 17 26 -1 -24 13.0938
g 117 0 245 444 22 20 -1 -18 18.6719
g 117 1 268 444 22 20 -1 -18 18.6719
g 117 2 291 444 22 20 -1 -18 18.6719
g 117 3 314 444 22 20 -1 -18 18.6719
g 118 0 337 444 22 19 -1 -18 18.0312
g 118 1 360 444 22 19 -1 -18 18.0312
g 118 2 383 444 22 19 -1 -18 18.0312
g 118 3 406 444 22 19 -1 -18 18.0312
g 119 0 429 444 28 19 -1 -18 24.1875
g 119 1 458 444 28 19 -1 -18 24.1875
g 119 2 1 472 28 19 -1 -18 24.1875
g 119 3 30 472 28 19 -1 -18 24.1875
g 120 0 59 472 21 19 -1 -18 17.2500
g 120 1 81 472 21 19 -1 -18 17.2500
g 120 2 103 472 21 19 -1 -18 17.2500
g 120 3 125 472 21 19 -1 -18 17.2500
g 121 0 147 472 21 26 -1 -18 17.9375
g 121 1 169 472 21 26 -1 -18 17.9375
g 121 2 191 472 21 26 -1 -18 17.9375
g 121 3 213 472 21 26 -1 -18 17.9375
g 122 0 235 472 19 19 -1 -18 15.7344
g 122 1 255 472 19 19 -1 -18 15.7344
g 122 2 275 472 19 19 -1 -18 15.7344
g 122 3 295 472 19 19 -1 -18 15.7344
g 123 0 315 472 17 34 -1 -25 13.3438
g 123 1 333 472 17 34 -1 -25 13.3438
g 123 2 351 472 17 34 -1 -25 13.3438
g 123 3 369 472 17 34 -1 -25 13.3438
g 124 0 387 472 14 32 -1 -24 10.1250
g 124 1 402 472 14 32 -1 -24 10.1250
g 124 2 417 472 14 32 -1 -24 10.1250
g 124 3 432 472 14 32 -1 -24 10.1250
g 125 0 447 472 17 33 -1 -25 13.3438
g 125 1 465 472 17 33 -1 -25 13.3438
g 125 2 483 472 17 33 -1 -25 13.3438
g 125 3 1 507 17 33 -1 -25 13.3438
g 126 0 19 507 22 18 -1 -17 19.0000
g 126 1 42 507 22 18 -1 -17 19.0000
g 126 2 65 507 22 18 -1 -17 19.0000
g 126 3 88 507 22 18 -1 -17 19.0000
k 38 49 -1.2969
k 38 50 -0.1562
k 38 51 -0.3281
k 38 52 -0.3281
k 38 53 -0.3281
k 38 55 -2.0938
k 38 56 -0.4844
k 38 57 -0.4844
k 38 65 0.1562
k 38 67 -0.1562
k 38 71 -0.1562
k 38 74 -0.3281
k 38 79 -0.1562
k 38 81 -0.1562
k 38 83 -0.2656
k 38 84 -2.9062
k 38 85 -0.1562
k 38 86 -2.0938
k 38 87 -1.0312
k 38 88 -0.0625
k 38 89 -2.9062
k 38 97 -0.3281
k 38 99 -0.3281
k 38 100 -0.3281
k 38 101 -0.3281
k 38 102 -0.3281
k 38 103 -0.3281
k 38 111 -0.3281
k 38 113 -0.3281
k 38 116 -0.3281
k 38 117 -0.1562
k 38 118 -0.5469
k 38 119 -0.3281
k 38 121 -0.3281
k 40 44 -0.4219
k 40 46 -0.4219
k 40 51 -0.1562
k 40 52 -0.8750
k 40 53 -0.1562
k 40 55 0.1562
k 40 56 -0.1562
k 40 57 -0.1562
k 40 67 -0.3281
k 40 71 -0.3281
k 40 74 -1.2969
k 40 79 -0.3281
k 40 81 -0.3281
k 40 84 0.1562
k 40 99 -0.1562
k 40 100 -0.1562
k 40 101 -0.1562
k 40 102 -0.3281
k 40 103 -0.1562
k 40 106 1.4531
k 40 111 -0.1562
k 40 113 -0.1562
k 40 116 -0.3281
k 42 44 -1.2969
k 42 46 -1.2969
k 42 50 -0.1562
k 42 52 -1.9375
k 42 56 -0.7344
k 42 65 -2.3594
k 42 67 -0.0938
k 42 71 -0.0938
k 42 74 -3.4844
k 42 79 -0.0938
k 42 81 -0.0938
k 42 84 0.1562
k 42 86 0.3906
k 42 88 -0.4844
k 42 97 -0.7344
k 42 99 -0.8125
k 42 100 -0.8125
k 42 101 -0.8125
k 42 103 -0.8125
k 42 111 -0.8125
k 42 113 -0.8125
k 42 115 -0.1562
k 42 118 0.3906
k 42 119 0.1562
k 42 121 0.3906
k 43 49 -0.9688
k 43 50 -1.1250
k 43 51 -0.5469
k 43 53 -0.5469
k 43 55 -1.4531
k 43 57 -0.7344
k 43 65 -0.4844
k 43 67 0.3281
k 43 71 0.3281
k 43 74 -1.0625
k 43 79 0.3281
k 43 81 0.3281
k 43 83 -0.5781
k 43 84 -1.1250
k 43 86 -1.1250
k 43 88 -1.2969
k 43 89 -1.4531
k 43 90 -0.4219
k 43 99 0.3281
k 43 100 0.3281
k 43 101 0.3281
k 43 102 -0.1562
k 43 103 0.3281
k 43 111 0.3281
k 43 113 0.3281
k 43 116 -0.1562
k 43 120 -1.2969
k 43 122 -0.5781
k 44 41 -0.4219
k 44 42 -1.2969
k 44 48 -0.7344
k 44 49 -2.0000
k 44 51 -0.1562
k 44 52 -0.5781
k 44 53 -0.1562
k 44 54 -0.7344
k 44 55 -1.7812
k 44 56 -0.5781
k 44 57 -0.7344
k 44 63 -2.6719
k 44 65 0.3281
k 44 67 -1.3906
k 44 71 -1.3906
k 44 74 -0.2656
k 44 79 -1.3906
k 44 81 -1.3906
k 44 84 -3.8125
k 44 85 -1.0625
k 44 86 -3.5469
k 44 87 -2.9062
k 44 89 -3.8125
k 44 90 0.1562
k 44 93 -0.4219
k 44 97 -0.1562
k 44 99 -0.7344
k 44 100 -0.7344
k 44 101 -0.7344
k 44 102 -2.3281
k 44 103 -0.7344
k 44 111 -0.7344
k 44 113 -0.7344
k 44 115 -0.1562
k 44 116 -2.3281
k 44 117 -0.7344
k 44 118 -2.4219
k 44 119 -1.2969
k 44 121 -2.2500
k 44 122 0.1562
k 44 125 -0.4219
k 45 49 -0.9688
k 45 50 -1.1250
k 45 51 -0.5469
k 45 53 -0.5469
k 45 55 -1.4531
k 45 57 -0.7344
k 45 65 -0.4844
k 45 67 0.3281
k 45 71 0.3281
k 45 74 -1.0625
k 45 79 0.3281
k 45 81 0.3281
k 45 83 -0.5781
k 45 84 -1.1250
k 45 86 -1.1250
k 45 88 -1.2969
k 45 89 -1.4531
k 45 90 -0.4219
k 45 99 0.3281
k 45 100 0.3281
k 45 101 0.3281
k 45 102 -0.1562
k 45 103 0.3281
k 45 111 0.3281
k 45 113 0.3281
k 45 116 -0.1562
k 45 120 -1.2969
k 45 122 -0.5781
k 46 41 -0.4219
k 46 42 -1.2969
k 46 48 -0.7344
k 46 49 -2.0000
k 46 51 -0.1562
k 46 52 -0.5781
k 46 53 -0.1562
k 46 54 -0.7344
k 46 55 -1.7812
k 46 56 -0.5781
k 46 57 -0.7344
k 46 63 -2.6719
k 46 65 0.3281
k 46 67 -1.3906
k 46 71 -1.3906
k 46 74 -0.2656
k 46 79 -1.3906
k 46 81 -1.3906
k 46 84 -3.8125
k 46 85 -1.0625
k 46 86 -3.5469
k 46 87 -2.9062
k 46 89 -3.8125
k 46 90 0.1562
k 46 93 -0.4219
k 46 97 -0.1562
k 46 99 -0.7344
k 46 100 -0.7344
k 46 101 -0.7344
k 46 102 -2.3281
k 46 103 -0.7344
k 46 111 -0.7344
k 46 113 -0.7344
k 46 115 -0.1562
k 46 116 -2.3281
k 46 117 -0.7344
k 46 118 -2.4219
k 46 119 -1.2969
k 46 121 -2.2500
k 46 122 0.1562
k 46 125 -0.4219
k 47 47 -5.4844
k 47 48 -1.1250
k 47 50 -0.5781
k 47 51 -0.9688
k 47 52 -3.1562
k 47 53 -0.9688
k 47 54 -1.1250
k 47 56 -1.7812
k 47 57 -0.9688
k 47 65 -2.9062
k 47 67 -1.4531
k 47 71 -1.4531
k 47 74 -5.0938
k 47 79 -1.4531
k 47 81 -1.4531
k 47 83 -0.3906
k 47 88 -0.1562
k 47 90 -0.1562
k 47 97 -2.6719
k 47 99 -3.2969
k 47 100 -3.2969
k 47 101 -3.2969
k 47 102 -1.7031
k 47 103 -3.2969
k 47 109 -1.7812
k 47 110 -1.7812
k 47 111 -3.2969
k 47 112 -1.7812
k 47 113 -3.2969
k 47 114 -1.7812
k 47 115 -2.1875
k 47 116 -1.7031
k 47 117 -1.9375
k 47 118 -1.3906
k 47 119 -1.1250
k 47 120 -1.7031
k 47 121 -1.2188
k 47 122 -1.7812
k 48 41 -0.1562
k 48 44 -0.7344
k 48 46 -0.7344
k 48 47 -1.1250
k 48 49 -0.1562
k 48 50 -0.7344
k 48 55 -0.8125
k 48 57 -0.1562
k 48 63 -0.4219
k 48 92 -1.2969
k 48 93 -0.1562
k 48 125 -0.1562
k 50 52 -0.4219
k 50 55 -0.1562
k 50 56 -0.1562
k 50 92 -1.2969
k 51 41 -0.1562
k 51 42 -0.7344
k 51 44 -0.5781
k 51 46 -0.5781
k 51 47 -0.4844
k 51 48 -0.1562
k 51 49 -0.1562
k 51 50 -0.1562
k 51 51 -0.3281
k 51 53 -0.3281
k 51 54 -0.1562
k 51 55 -0.7344
k 51 56 -0.1562
k 51 57 -0.5781
k 51 63 -0.7344
k 51 92 -1.4531
k 51 93 -0.1562
k 51 125 -0.1562
k 52 38 0.4844
k 52 42 -1.3594
k 52 44 -0.1562
k 52 46 -0.1562
k 52 49 -0.7031
k 52 50 -0.4219
k 52 51 -0.4219
k 52 53 -0.4219
k 52 55 -1.1250
k 52 56 -0.1562
k 52 57 -0.7344
k 52 63 -1.4531
k 52 92 -1.8750
k 53 38 0.1562
k 53 42 -1.2969
k 53 44 -0.4219
k 53 46 -0.4219
k 53 47 -0.4844
k 53 49 -0.4844
k 53 50 -0.4219
k 53 51 -0.4844
k 53 53 -0.4844
k 53 55 -0.9688
k 53 56 -0.1562
k 53 57 -0.9688
k 53 63 -0.8125
k 53 92 -1.1250
k 54 38 0.1562
k 54 42 -1.2969
k 54 44 -0.4219
k 54 46 -0.4219
k 54 47 -0.4844
k 54 49 -0.4844
k 54 50 -0.4219
k 54 51 -0.4844
k 54 53 -0.4844
k 54 55 -0.9688
k 54 56 -0.1562
k 54 57 -0.9688
k 54 63 -0.8125
k 54 92 -1.1250
k 55 38 -1.1250
k 55 41 0.1562
k 55 43 -1.1250
k 55 44 -4.0312
k 55 45 -1.1250
k 55 46 -4.0312
k 55 47 -2.9062
k 55 48 -0.5781
k 55 49 0.3906
k 55 50 0.3281
k 55 52 -2.7344
k 55 54 -0.5781
k 55 55 0.4219
k 55 56 -0.4844
k 55 58 -0.1562
k 55 59 -0.1562
k 55 63 0.4844
k 55 64 -2.0938
k 55 93 0.1562
k 55 125 0.1562
k 56 41 -0.1562
k 56 42 -0.7344
k 56 44 -0.5781
k 56 46 -0.5781
k 56 47 -0.4844
k 56 48 -0.1562
k 56 49 -0.1562
k 56 50 -0.1562
k 56 51 -0.3281
k 56 53 -0.3281
k 56 54 -0.1562
k 56 55 -0.7344
k 56 56 -0.1562
k 56 57 -0.5781
k 56 63 -0.7344
k 56 92 -1.4531
k 56 93 -0.1562
k 56 125 -0.1562
k 57 41 -0.1562
k 57 44 -0.7344
k 57 46 -0.7344
k 57 47 -1.1250
k 57 49 -0.1562
k 57 50 -0.7344
k 57 55 -0.8125
k 57 57 -0.1562
k 57 63 -0.4219
k 57 92 -1.2969
k 57 93 -0.1562
k 57 125 -0.1562
k 58 55 -0.4844
k 58 84 -0.2656
k 58 86 -0.2656
k 58 89 -0.9688
k 58 90 0.1562
k 58 99 -0.1562
k 58 100 -0.1562
k 58 101 -0.1562
k 58 103 -0.1562
k 58 111 -0.1562
k 58 113 -0.1562
k 58 117 -0.1562
k 58 118 0.1562
k 58 119 0.1562
k 58 121 0.1562
k 59 55 -0.4844
k 59 84 -0.2656
k 59 86 -0.2656
k 59 89 -0.9688
k 59 90 0.1562
k 59 99 -0.1562
k 59 100 -0.1562
k 59 101 -0.1562
k 59 103 -0.1562
k 59 111 -0.1562
k 59 113 -0.1562
k 59 117 -0.1562
k 59 118 0.1562
k 59 119 0.1562
k 59 121 0.1562
k 63 44 -4.2969
k 63 46 -4.2969
k 64 49 -0.7344
k 64 50 -0.7344
k 64 51 -0.3281
k 64 53 -0.3281
k 64 55 -2.0938
k 64 57 -0.3281
k 64 65 -0.9688
k 64 84 -2.5156
k 64 86 -1.4531
k 64 87 -0.5469
k 64 88 -1.2969
k 64 89 -2.7344
k 64 90 -0.3281
k 64 102 -0.3281
k 64 116 -0.3281
k 64 118 -0.1562
k 64 120 -0.9688
k 65 38 0.1562
k 65 42 -2.3594
k 65 43 -0.4844
k 65 44 0.3281
k 65 45 -0.4844
k 65 46 0.3281
k 65 47 0.4844
k 65 63 -2.3594
k 65 64 -0.3281
k 65 65 0.7031
k 65 67 -1.1875
k 65 71 -1.1875
k 65 74 0.4844
k 65 79 -1.1875
k 65 81 -1.1875
k 65 83 0.4844
k 65 84 -4.0938
k 65 85 -0.8750
k 65 86 -3.7656
k 65 87 -1.7812
k 65 88 0.8750
k 65 89 -4.0938
k 65 90 0.4844
k 65 92 -4.1875
k 65 99 -0.8750
k 65 100 -0.8750
k 65 101 -0.8750
k 65 102 -2.3281
k 65 103 -0.8750
k 65 111 -0.8750
k 65 113 -0.8750
k 65 115 0.4844
k 65 116 -2.3281
k 65 117 -0.4844
k 65 118 -2.7344
k 65 119 -1.4531
k 65 120 0.4844
k 65 121 -2.9062
k 65 122 0.4844
k 66 42 -1.1250
k 66 44 -0.8125
k 66 46 -0.8125
k 66 47 -0.4844
k 66 63 -0.7344
k 66 65 -0.3906
k 66 67 -0.3281
k 66 71 -0.3281
k 66 74 -0.4844
k 66 79 -0.3281
k 66 81 -0.3281
k 66 84 -0.4844
k 66 86 -0.8750
k 66 87 -0.8750
k 66 88 -0.8750
k 66 89 -1.4531
k 66 90 -0.4844
k 66 92 -1.6094
k 66 99 -0.3281
k 66 100 -0.3281
k 66 101 -0.3281
k 66 102 -0.4844
k 66 103 -0.3281
k 66 111 -0.3281
k 66 113 -0.3281
k 66 115 -0.1562
k 66 116 -0.4844
k 66 117 -0.3281
k 66 118 -0.3281
k 66 119 -0.3281
k 66 120 -0.8750
k 66 121 -0.4844
k 66 122 -0.4844
k 67 38 0.1562
k 67 44 -0.1562
k 67 46 -0.1562
k 67 63 0.2188
k 67 64 -0.7344
k 67 67 -0.4844
k 67 71 -0.4844
k 67 79 -0.4844
k 67 81 -0.4844
k 67 83 0.3281
k 67 84 0.3281
k 67 88 -0.4844
k 67 89 -0.4844
k 67 92 -0.7344
k 67 99 -0.4844
k 67 100 -0.4844
k 67 101 -0.4844
k 67 103 -0.4844
k 67 111 -0.4844
k 67 113 -0.4844
k 67 117 -0.4844
k 68 41 -0.3281
k 68 42 -0.0938
k 68 43 0.3281
k 68 44 -1.3906
k 68 45 0.3281
k 68 46 -1.3906
k 68 47 -1.2969
k 68 63 -0.8125
k 68 65 -1.1875
k 68 74 -0.8750
k 68 84 -1.4531
k 68 86 -1.1875
k 68 87 -0.4844
k 68 88 -2.1875
k 68 89 -2.0938
k 68 90 -0.7344
k 68 92 -1.4531
k 68 93 -0.3281
k 68 97 -0.3281
k 68 115 0.3281
k 68 120 -0.8750
k 68 125 -0.3281
k 69 38 -0.1562
k 69 42 -0.4844
k 69 43 -0.8125
k 69 45 -0.8125
k 69 64 -0.3281
k 69 65 0.4219
k 69 67 -1.3906
k 69 71 -1.3906
k 69 79 -1.3906
k 69 81 -1.3906
k 69 86 0.1562
k 69 87 -0.1562
k 69 99 -0.8750
k 69 100 -0.8750
k 69 101 -0.8750
k 69 102 -0.4844
k 69 103 -0.8750
k 69 111 -0.8750
k 69 113 -0.8750
k 69 116 -0.4844
k 69 117 -0.4844
k 69 118 -0.3281
k 69 119 -0.2656
k 69 120 -0.1562
k 70 38 -2.0312
k 70 43 -1.3906
k 70 44 -4.9375
k 70 45 -1.3906
k 70 46 -4.9375
k 70 47 -4.3594
k 70 58 -0.5781
k 70 59 -0.5781
k 70 64 -3.5469
k 70 65 -4.0938
k 70 67 -1.4531
k 70 71 -1.4531
k 70 74 -5.2500
k 70 79 -1.4531
k 70 81 -1.4531
k 70 86 0.1562
k 70 88 -0.3281
k 70 95 -2.7344
k 70 97 -2.2500
k 70 98 -0.4844
k 70 99 -3.3281
k 70 100 -3.3281
k 70 101 -3.3281
k 70 102 -0.4844
k 70 103 -3.3281
k 70 104 -0.4844
k 70 105 -0.4844
k 70 106 -0.4844
k 70 107 -0.4844
k 70 108 -0.4844
k 70 109 -1.7031
k 70 110 -1.7031
k 70 111 -3.3281
k 70 112 -1.7031
k 70 113 -3.3281
k 70 114 -1.7031
k 70 115 -2.3281
k 70 116 -0.4844
k 70 117 -1.4531
k 70 118 -0.7344
k 70 119 -1.0625
k 70 120 -1.2188
k 70 121 -1.1250
k 70 122 -1.1875
k 71 42 -0.4844
k 71 43 0.0625
k 71 44 -1.4531
k 71 45 0.0625
k 71 46 -1.4531
k 71 47 -1.2969
k 71 63 -0.9688
k 71 65 -0.8750
k 71 74 -1.1875
k 71 84 -0.8750
k 71 86 -1.4531
k 71 87 -1.1875
k 71 88 -1.6719
k 71 89 -2.0938
k 71 90 -0.4844
k 71 92 -1.6094
k 71 115 0.3281
k 71 120 -1.1875
k 71 121 -0.4844
k 72 97 -0.3281
k 73 97 -0.3281
k 74 44 -1.0625
k 74 46 -1.0625
k 74 47 -0.9688
k 74 65 -0.8750
k 74 74 -0.6406
k 74 115 0.1562
k 75 33 -0.0625
k 75 38 -0.9688
k 75 42 -1.1250
k 75 43 -1.2969
k 75 45 -1.2969
k 75 47 0.1562
k 75 63 -0.8750
k 75 64 -0.5781
k 75 65 0.7344
k 75 66 -0.6406
k 75 67 -1.0000
k 75 68 -0.6406
k 75 69 -0.6406
k 75 70 -0.6406
k 75 71 -1.0000
k 75 72 -0.6406
k 75 73 -0.6406
k 75 74 -0.3281
k 75 75 -0.6406
k 75 76 -0.6406
k 75 77 -0.6406
k 75 78 -0.6406
k 75 79 -1.0000
k 75 80 -0.6406
k 75 81 -1.0000
k 75 82 -0.6406
k 75 84 -0.3281
k 75 85 -0.8750
k 75 86 0.3281
k 75 87 -0.4844
k 75 88 0.4844
k 75 89 0.3281
k 75 90 0.3281
k 75 92 -0.3281
k 75 95 1.1250
k 75 97 -0.8750
k 75 99 -1.5156
k 75 100 -1.5156
k 75 101 -1.5156
k 75 102 -1.9375
k 75 103 -1.5156
k 75 111 -1.5156
k 75 113 -1.5156
k 75 115 0.3281
k 75 116 -1.9375
k 75 117 -1.2969
k 75 118 -2.3281
k 75 119 -1.6719
k 75 120 0.4844
k 75 121 -2.3281
k 75 122 0.3281
k 76 38 -0.1562
k 76 41 -0.3281
k 76 42 -3.9688
k 76 43 -1.1250
k 76 45 -1.1250
k 76 63 -3.2969
k 76 64 -0.9062
k 76 65 0.5781
k 76 67 -1.7812
k 76 71 -1.7812
k 76 79 -1.7812
k 76 81 -1.7812
k 76 84 -4.6719
k 76 85 -1.1875
k 76 86 -5.0000
k 76 87 -2.4844
k 76 89 -4.7656
k 76 92 -6.7656
k 76 93 -0.3281
k 76 99 -0.7344
k 76 100 -0.7344
k 76 101 -0.7344
k 76 102 -2.7344
k 76 103 -0.7344
k 76 111 -0.7344
k 76 113 -0.7344
k 76 116 -2.7344
k 76 117 -0.7344
k 76 118 -3.1250
k 76 119 -1.5156
k 76 121 -3.1250
k 76 122 0.3281
k 76 125 -0.3281
k 77 97 -0.3281
k 78 97 -0.3281
k 79 41 -0.3281
k 79 42 -0.0938
k 79 43 0.3281
k 79 44 -1.3906
k 79 45 0.3281
k 79 46 -1.3906
k 79 47 -1.2969
k 79 63 -0.8125
k 79 65 -1.1875
k 79 74 -0.8750
k 79 84 -1.4531
k 79 86 -1.1875
k 79 87 -0.4844
k 79 88 -2.1875
k 79 89 -2.0938
k 79 90 -0.7344
k 79 92 -1.4531
k 79 93 -0.3281
k 79 97 -0.3281
k 79 115 0.3281
k 79 120 -0.8750
k 79 125 -0.3281
k 80 38 -1.3906
k 80 41 -0.5469
k 80 43 -0.1562
k 80 44 -4.9375
k 80 45 -0.1562
k 80 46 -4.9375
k 80 47 -3.9688
k 80 64 -1.4531
k 80 65 -3.2969
k 80 74 -4.6719
k 80 83 0.3281
k 80 84 -0.3281
k 80 86 -0.4844
k 80 87 -0.8750
k 80 88 -2.1875
k 80 89 -1.4531
k 80 90 -0.7344
k 80 92 -1.2969
k 80 93 -0.5469
k 80 95 -2.9062
k 80 97 -0.7344
k 80 99 -1.7031
k 80 100 -1.7031
k 80 101 -1.7031
k 80 102 0.1562
k 80 103 -1.7031
k 80 109 -0.0938
k 80 110 -0.0938
k 80 111 -1.7031
k 80 112 -0.0938
k 80 113 -1.7031
k 80 114 -0.0938
k 80 116 0.1562
k 80 117 -0.3281
k 80 118 0.3281
k 80 121 0.3281
k 80 125 -0.5469
k 81 41 -0.3281
k 81 42 -0.0938
k 81 43 0.3281
k 81 44 -1.3906
k 81 45 0.3281
k 81 46 -1.3906
k 81 47 -1.2969
k 81 63 -0.8125
k 81 65 -1.1875
k 81 74 -0.8750
k 81 84 -1.4531
k 81 86 -1.1875
k 81 87 -0.4844
k 81 88 -2.1875
k 81 89 -2.0938
k 81 90 -0.7344
k 81 92 -1.4531
k 81 93 -0.3281
k 81 97 -0.3281
k 81 115 0.3281
k 81 120 -0.8750
k 81 125 -0.3281
k 82 38 -0.1562
k 82 41 -0.3281
k 82 43 -0.4219
k 82 44 -0.1562
k 82 45 -0.4219
k 82 46 -0.1562
k 82 64 -0.4219
k 82 65 0.3281
k 82 83 0.1562
k 82 84 -0.4219
k 82 86 -0.4844
k 82 87 -0.7031
k 82 89 -1.1875
k 82 92 -1.1250
k 82 93 -0.3281
k 82 97 -0.3281
k 82 99 -0.9688
k 82 100 -0.9688
k 82 101 -0.9688
k 82 102 0.1562
k 82 103 -0.9688
k 82 111 -0.9688
k 82 113 -0.9688
k 82 116 0.1562
k 82 117 -0.3281
k 82 118 0.3281
k 82 119 0.1562
k 82 120 0.3281
k 82 121 0.3281
k 82 125 -0.3281
k 83 38 0.4844
k 83 41 -0.1562
k 83 42 -0.4219
k 83 43 0.4219
k 83 44 -0.1562
k 83 45 0.4219
k 83 46 -0.1562
k 83 63 -0.1562
k 83 64 0.3281
k 83 65 -0.3281
k 83 83 0.3281
k 83 84 -0.4844
k 83 86 -0.3281
k 83 87 -0.4844
k 83 88 -0.8750
k 83 89 -0.7031
k 83 92 -0.4844
k 83 93 -0.1562
k 83 97 0.4844
k 83 99 0.3281
k 83 100 0.3281
k 83 101 0.3281
k 83 102 -0.4844
k 83 103 0.3281
k 83 111 0.3281
k 83 113 0.3281
k 83 115 0.3281
k 83 116 -0.4844
k 83 118 -0.4844
k 83 119 -0.4844
k 83 120 -1.1875
k 83 121 -0.4844
k 83 125 -0.1562
k 84 38 -1.4531
k 84 41 0.1562
k 84 42 0.1562
k 84 43 -1.1250
k 84 44 -3.8125
k 84 45 -1.1250
k 84 46 -3.8125
k 84 47 -3.6406
k 84 58 -0.2656
k 84 59 -0.2656
k 84 63 0.3281
k 84 64 -2.5156
k 84 65 -4.0938
k 84 67 -1.4531
k 84 71 -1.4531
k 84 74 -4.8438
k 84 79 -1.4531
k 84 81 -1.4531
k 84 83 0.3281
k 84 84 0.3281
k 84 86 0.4844
k 84 89 0.3281
k 84 93 0.1562
k 84 95 -0.9688
k 84 97 -3.4531
k 84 99 -3.7656
k 84 100 -3.7656
k 84 101 -3.7656
k 84 102 -0.8125
k 84 103 -3.7656
k 84 109 -1.4531
k 84 110 -1.4531
k 84 111 -3.7656
k 84 112 -1.4531
k 84 113 -3.7656
k 84 114 -1.4531
k 84 115 -2.0938
k 84 116 -0.8125
k 84 117 -1.3906
k 84 118 -1.6094
k 84 119 -1.7031
k 84 120 -1.3906
k 84 121 -1.6094
k 84 122 -1.2188
k 84 125 0.1562
k 85 44 -1.0625
k 85 46 -1.0625
k 85 47 -0.9688
k 85 65 -0.8750
k 85 74 -0.6406
k 85 115 0.1562
k 86 38 -0.8125
k 86 42 0.3906
k 86 43 -1.1250
k 86 44 -3.5469
k 86 45 -1.1250
k 86 46 -3.5469
k 86 47 -2.3594
k 86 58 -0.2656
k 86 59 -0.2656
k 86 64 -1.4531
k 86 65 -3.7656
k 86 67 -1.1875
k 86 71 -1.1875
k 86 74 -3.9688
k 86 79 -1.1875
k 86 81 -1.1875
k 86 84 0.4844
k 86 86 0.4844
k 86 87 0.3281
k 86 88 0.4844
k 86 89 0.8750
k 86 90 0.4844
k 86 92 0.1562
k 86 95 -1.4531
k 86 97 -2.0000
k 86 99 -2.2500
k 86 100 -2.2500
k 86 101 -2.2500
k 86 102 -0.4844
k 86 103 -2.2500
k 86 109 -1.1875
k 86 110 -1.1875
k 86 111 -2.2500
k 86 112 -1.1875
k 86 113 -2.2500
k 86 114 -1.1875
k 86 115 -1.6719
k 86 116 -0.4844
k 86 117 -1.4531
k 86 118 -0.4844
k 86 119 -0.7031
k 86 120 -0.8750
k 86 121 -0.4844
k 86 122 -1.1875
k 87 38 -0.8750
k 87 44 -2.9062
k 87 46 -2.9062
k 87 47 -1.1250
k 87 64 -0.5469
k 87 65 -1.7812
k 87 67 -0.4844
k 87 71 -0.4844
k 87 74 -2.2500
k 87 79 -0.4844
k 87 81 -0.4844
k 87 83 -0.3281
k 87 86 0.3281
k 87 87 -0.3906
k 87 88 -0.3281
k 87 89 0.3281
k 87 97 -1.4531
k 87 99 -1.4531
k 87 100 -1.4531
k 87 101 -1.4531
k 87 102 -0.4844
k 87 103 -1.4531
k 87 109 -0.4844
k 87 110 -0.4844
k 87 111 -1.4531
k 87 112 -0.4844
k 87 113 -1.4531
k 87 114 -0.4844
k 87 115 -0.8750
k 87 116 -0.4844
k 87 117 -0.4844
k 87 118 -0.3281
k 87 119 -0.4844
k 87 120 -0.4844
k 87 121 -0.4844
k 87 122 -0.8750
k 88 33 -0.0625
k 88 38 -0.9688
k 88 42 -1.1250
k 88 43 -1.2969
k 88 45 -1.2969
k 88 47 0.1562
k 88 63 -0.8750
k 88 64 -0.5781
k 88 65 0.7344
k 88 66 -0.6406
k 88 67 -1.0312
k 88 68 -0.6406
k 88 69 -0.6406
k 88 70 -0.6406
k 88 71 -1.0312
k 88 72 -0.6406
k 88 73 -0.6406
k 88 74 -0.3281
k 88 75 -0.6406
k 88 76 -0.6406
k 88 77 -0.6406
k 88 78 -0.6406
k 88 79 -1.0312
k 88 80 -0.6406
k 88 81 -1.0312
k 88 82 -0.6406
k 88 84 -0.3281
k 88 85 -0.8750
k 88 86 0.3281
k 88 87 -0.3281
k 88 88 0.4844
k 88 89 0.3281
k 88 90 0.3281
k 88 92 -0.3281
k 88 95 1.1250
k 88 97 -0.8750
k 88 99 -0.8750
k 88 100 -0.8750
k 88 101 -0.8750
k 88 102 -1.6719
k 88 103 -0.8750
k 88 111 -0.8750
k 88 113 -0.8750
k 88 115 0.3281
k 88 116 -1.6719
k 88 117 -0.7031
k 88 118 -2.0938
k 88 119 -1.6719
k 88 120 0.4844
k 88 121 -2.0938
k 88 122 0.3281
k 89 38 -1.7031
k 89 43 -1.4531
k 89 44 -3.8125
k 89 45 -1.4531
k 89 46 -3.8125
k 89 47 -2.9062
k 89 58 -0.9688
k 89 59 -0.9688
k 89 64 -3.0625
k 89 65 -4.0938
k 89 67 -2.0938
k 89 71 -2.0938
k 89 74 -4.8438
k 89 79 -2.0938
k 89 81 -2.0938
k 89 83 -0.3906
k 89 84 0.3281
k 89 86 0.8750
k 89 87 0.3281
k 89 88 0.3281
k 89 89 0.4844
k 89 90 0.3281
k 89 92 0.1562
k 89 95 -1.2969
k 89 97 -3.2969
k 89 98 -0.3281
k 89 99 -4.2500
k 89 100 -4.2500
k 89 101 -4.2500
k 89 102 -2.0000
k 89 103 -4.2500
k 89 104 -0.3281
k 89 105 -0.3281
k 89 106 -0.3281
k 89 107 -0.3281
k 89 108 -0.3281
k 89 109 -2.2500
k 89 110 -2.2500
k 89 111 -4.2500
k 89 112 -2.2500
k 89 113 -4.2500
k 89 114 -2.2500
k 89 115 -3.2188
k 89 116 -2.0000
k 89 117 -2.9062
k 89 118 -1.6094
k 89 119 -2.0938
k 89 120 -2.0938
k 89 121 -2.0938
k 89 122 -2.3281
k 90 38 -0.4219
k 90 43 -0.5781
k 90 44 0.1562
k 90 45 -0.5781
k 90 46 0.1562
k 90 58 0.1562
k 90 59 0.1562
k 90 63 0.1562
k 90 65 0.4844
k 90 67 -0.7344
k 90 71 -0.7344
k 90 74 0.3281
k 90 79 -0.7344
k 90 81 -0.7344
k 90 83 0.4844
k 90 84 0.1562
k 90 86 0.4844
k 90 88 0.3281
k 90 89 0.3281
k 90 90 0.3281
k 90 92 -0.1562
k 90 97 0.3281
k 90 99 -0.5781
k 90 100 -0.5781
k 90 101 -0.5781
k 90 102 -0.4844
k 90 103 -0.5781
k 90 111 -0.5781
k 90 113 -0.5781
k 90 115 0.3281
k 90 116 -0.4844
k 90 117 -0.3281
k 90 118 -0.1562
k 90 119 -0.3281
k 90 121 -0.3281
k 90 122 0.3281
k 91 44 -0.4219
k 91 46 -0.4219
k 91 51 -0.1562
k 91 52 -0.8750
k 91 53 -0.1562
k 91 55 0.1562
k 91 56 -0.1562
k 91 57 -0.1562
k 91 67 -0.3281
k 91 71 -0.3281
k 91 74 -1.2969
k 91 79 -0.3281
k 91 81 -0.3281
k 91 84 0.1562
k 91 99 -0.1562
k 91 100 -0.1562
k 91 101 -0.1562
k 91 102 -0.3281
k 91 103 -0.1562
k 91 106 1.4531
k 91 111 -0.1562
k 91 113 -0.1562
k 91 116 -0.3281
k 92 48 -0.9688
k 92 49 -1.7812
k 92 51 -0.3281
k 92 52 -1.1250
k 92 53 -0.3281
k 92 54 -0.9688
k 92 55 -1.2969
k 92 56 -0.3281
k 92 57 -0.3281
k 92 65 0.3281
k 92 67 -1.2969
k 92 71 -1.2969
k 92 79 -1.2969
k 92 81 -1.2969
k 92 84 -3.4844
k 92 85 -1.1250
k 92 86 -2.5156
k 92 87 -1.1250
k 92 89 -3.1562
k 92 92 -4.7656
k 92 97 -0.3281
k 92 99 -1.0312
k 92 100 -1.0312
k 92 101 -1.0312
k 92 102 -1.6094
k 92 103 -1.0312
k 92 106 4.6719
k 92 111 -1.0312
k 92 113 -1.0312
k 92 116 -1.6094
k 92 117 -0.4844
k 92 118 -2.7344
k 92 119 -1.2969
k 92 121 1.7812
k 92 122 0.1562
k 95 84 -0.9688
k 95 86 -1.4531
k 95 89 -1.2969
k 95 98 0.9688
k 95 99 -0.3281
k 95 100 -0.3281
k 95 101 -0.3281
k 95 102 -1.4531
k 95 103 -0.3281
k 95 104 0.9688
k 95 105 0.9688
k 95 106 2.8750
k 95 107 0.9688
k 95 108 0.9688
k 95 111 -0.3281
k 95 112 1.1250
k 95 113 -0.3281
k 95 116 -1.4531
k 95 118 -1.2969
k 95 121 0.4844
k 97 42 -0.4219
k 97 63 -1.3906
k 97 84 -1.8750
k 97 86 -0.7344
k 97 87 -0.5781
k 97 89 -2.0312
k 97 92 -2.3281
k 97 102 -0.4844
k 97 116 -0.4844
k 97 117 -0.1562
k 97 118 -0.8750
k 97 119 -0.3281
k 97 121 -0.3281
k 98 38 0.3281
k 98 41 -0.1562
k 98 42 -0.8125
k 98 43 0.3281
k 98 44 -0.7344
k 98 45 0.3281
k 98 46 -0.7344
k 98 47 -1.1250
k 98 58 -0.1562
k 98 59 -0.1562
k 98 63 -1.8750
k 98 65 -0.8750
k 98 84 -3.7656
k 98 86 -2.2500
k 98 87 -1.4531
k 98 88 -1.6094
k 98 89 -4.2500
k 98 90 -0.5781
k 98 92 -3.3281
k 98 93 -0.1562
k 98 95 -0.3281
k 98 97 0.1562
k 98 102 -0.8125
k 98 116 -0.8125
k 98 118 -0.4844
k 98 119 -0.3281
k 98 120 -1.4531
k 98 121 -0.4844
k 98 122 -0.3906
k 98 125 -0.1562
k 99 38 0.1562
k 99 44 -0.1562
k 99 46 -0.1562
k 99 63 -0.5781
k 99 84 -2.3594
k 99 89 -1.1250
k 99 92 -2.0312
k 99 99 -0.4844
k 99 100 -0.4844
k 99 101 -0.4844
k 99 102 0.3281
k 99 103 -0.4844
k 99 111 -0.4844
k 99 113 -0.4844
k 99 115 0.1562
k 99 116 0.3281
k 99 118 0.3281
k 99 119 0.3281
k 99 122 0.3281
k 100 95 1.1250
k 101 38 0.1562
k 101 42 -0.7344
k 101 43 0.1562
k 101 44 -0.9688
k 101 45 0.1562
k 101 46 -0.9688
k 101 47 -0.5469
k 101 63 -2.0000
k 101 84 -2.9062
k 101 86 -1.7031
k 101 87 -0.9062
k 101 88 -0.7344
k 101 89 -2.9062
k 101 92 -3.3281
k 101 97 -0.1562
k 101 99 0.0625
k 101 100 0.0625
k 101 101 0.0625
k 101 102 -0.4844
k 101 103 0.0625
k 101 111 0.0625
k 101 113 0.0625
k 101 115 0.1562
k 101 116 -0.4844
k 101 118 -0.4844
k 101 119 -0.3281
k 101 120 -1.1875
k 101 121 -0.4844
k 102 42 0.7344
k 102 44 -3.2188
k 102 46 -3.2188
k 102 47 -2.6719
k 102 63 0.2188
k 102 65 -1.3906
k 102 74 -1.4531
k 102 83 0.3281
k 102 95 -0.5781
k 102 97 -0.5469
k 102 99 -0.7344
k 102 100 -0.7344
k 102 101 -0.7344
k 102 102 0.1562
k 102 103 -0.7344
k 102 111 -0.7344
k 102 113 -0.7344
k 102 116 0.1562
k 102 118 0.1562
k 102 121 0.2188
k 103 47 0.4219
k 103 63 -0.5781
k 103 84 -1.4531
k 103 86 -1.1875
k 103 87 -0.4844
k 103 89 -2.2500
k 103 92 -2.3594
k 103 95 0.3281
k 104 42 -0.4219
k 104 63 -1.3906
k 104 84 -1.8750
k 104 86 -0.7344
k 104 87 -0.5781
k 104 89 -2.0312
k 104 92 -2.3281
k 104 102 -0.4844
k 104 116 -0.4844
k 104 117 -0.1562
k 104 118 -0.8750
k 104 119 -0.3281
k 104 121 -0.3281
k 105 95 1.1250
k 106 47 0.4844
k 107 38 -0.5781
k 107 41 -0.3281
k 107 43 -1.2969
k 107 45 -1.2969
k 107 47 0.3281
k 107 63 -0.1562
k 107 64 -0.5781
k 107 84 -1.3906
k 107 89 -1.4531
k 107 92 -1.9375
k 107 93 -0.3281
k 107 97 -0.4844
k 107 99 -1.4531
k 107 100 -1.4531
k 107 101 -1.4531
k 107 102 -0.3281
k 107 103 -1.4531
k 107 111 -1.4531
k 107 113 -1.4531
k 107 115 -0.1562
k 107 116 -0.3281
k 107 117 -0.4844
k 107 118 0.0625
k 107 119 0.0625
k 107 120 0.4844
k 107 121 0.1562
k 107 122 0.3281
k 107 125 -0.3281
k 108 95 1.1250
k 109 42 -0.4219
k 109 63 -1.3906
k 109 84 -1.8750
k 109 86 -0.7344
k 109 87 -0.5781
k 109 89 -2.0312
k 109 92 -2.3281
k 109 102 -0.4844
k 109 116 -0.4844
k 109 117 -0.1562
k 109 118 -0.8750
k 109 119 -0.3281
k 109 121 -0.3281
k 110 42 -0.4219
k 110 63 -1.3906
k 110 84 -1.8750
k 110 86 -0.7344
k 110 87 -0.5781
k 110 89 -2.0312
k 110 92 -2.3281
k 110 102 -0.4844
k 110 116 -0.4844
k 110 117 -0.1562
k 110 118 -0.8750
k 110 119 -0.3281
k 110 121 -0.3281
k 111 38 0.3281
k 111 41 -0.1562
k 111 42 -0.8125
k 111 43 0.3281
k 111 44 -0.7344
k 111 45 0.3281
k 111 46 -0.7344
k 111 47 -1.1250
k 111 58 -0.1562
k 111 59 -0.1562
k 111 63 -1.8750
k 111 65 -0.8750
k 111 84 -3.7656
k 111 86 -2.2500
k 111 87 -1.4531
k 111 88 -1.6094
k 111 89 -4.2500
k 111 90 -0.5781
k 111 92 -3.3281
k 111 93 -0.1562
k 111 95 -0.3281
k 111 97 0.1562
k 111 102 -0.8125
k 111 116 -0.8125
k 111 118 -0.4844
k 111 119 -0.3281
k 111 120 -1.4531
k 111 121 -0.4844
k 111 122 -0.3906
k 111 125 -0.1562
k 112 38 0.3281
k 112 41 -0.1562
k 112 42 -0.8125
k 112 43 0.3281
k 112 44 -0.7344
k 112 45 0.3281
k 112 46 -0.7344
k 112 47 -1.1250
k 112 58 -0.1562
k 112 59 -0.1562
k 112 63 -1.8750
k 112 65 -0.8750
k 112 84 -3.7656
k 112 86 -2.2500
k 112 87 -1.4531
k 112 88 -1.6094
k 112 89 -4.2500
k 112 90 -0.5781
k 112 92 -3.3281
k 112 93 -0.1562
k 112 95 -0.3281
k 112 97 0.1562
k 112 102 -0.8125
k 112 116 -0.8125
k 112 118 -0.4844
k 112 119 -0.3281
k 112 120 -1.4531
k 112 121 -0.4844
k 112 122 -0.3906
k 112 125 -0.1562
k 113 47 1.2969
k 113 63 -0.5781
k 113 84 -1.4531
k 113 86 -1.1875
k 113 87 -0.4844
k 113 89 -2.2500
k 113 92 -2.3594
k 113 95 0.3281
k 114 38 -1.1250
k 114 41 -0.1562
k 114 43 -0.5781
k 114 44 -3.0625
k 114 45 -0.5781
k 114 46 -3.0625
k 114 47 -3.3906
k 114 58 0.1562
k 114 59 0.1562
k 114 64 -1.1250
k 114 92 -1.7031
k 114 93 -0.1562
k 114 97 -0.5781
k 114 99 -0.8125
k 114 100 -0.8125
k 114 101 -0.8125
k 114 103 -0.8125
k 114 111 -0.8125
k 114 113 -0.8125
k 114 115 0.0625
k 114 117 -0.1562
k 114 118 0.4844
k 114 119 0.1562
k 114 121 0.3281
k 114 125 -0.1562
k 115 38 0.4844
k 115 42 -0.3906
k 115 44 -0.1562
k 115 46 -0.1562
k 115 47 -0.1562
k 115 63 -0.9688
k 115 84 -2.0938
k 115 86 -1.4531
k 115 87 -0.8750
k 115 89 -2.2500
k 115 92 -2.3594
k 115 97 0.1562
k 115 99 0.1562
k 115 100 0.1562
k 115 101 0.1562
k 115 102 -0.3281
k 115 103 0.1562
k 115 111 0.1562
k 115 113 0.1562
k 115 116 -0.3281
k 115 120 -0.4844
k 115 121 -0.3281
k 116 33 0.1562
k 116 43 -0.1562
k 116 45 -0.1562
k 116 58 0.1562
k 116 59 0.1562
k 116 63 0.3281
k 116 84 -0.5781
k 116 87 -0.4219
k 116 89 -1.1250
k 116 92 -1.7031
k 116 95 0.9062
k 116 98 0.3281
k 116 99 -0.2656
k 116 100 -0.2656
k 116 101 -0.2656
k 116 102 0.3281
k 116 103 -0.2656
k 116 104 0.3281
k 116 105 0.3281
k 116 106 0.3281
k 116 107 0.3281
k 116 108 0.3281
k 116 111 -0.2656
k 116 113 -0.2656
k 116 115 0.3281
k 116 116 0.3281
k 116 118 0.4844
k 116 119 0.3281
k 116 120 0.3281
k 116 121 0.3281
k 116 122 0.3281
k 117 47 0.4219
k 117 63 -0.5781
k 117 84 -1.4531
k 117 86 -1.1875
k 117 87 -0.4844
k 117 89 -2.2500
k 117 92 -2.3594
k 117 95 0.3281
k 118 38 -0.3281
k 118 42 0.3906
k 118 44 -2.4219
k 118 46 -2.4219
k 118 47 -2.3281
k 118 58 0.1562
k 118 59 0.1562
k 118 63 0.3281
k 118 64 -0.5469
k 118 65 -2.7344
k 118 84 -1.6094
k 118 86 -0.4844
k 118 87 -0.3281
k 118 88 -2.0938
k 118 89 -1.6094
k 118 90 -0.1562
k 118 92 -1.1250
k 118 95 -1.4531
k 118 97 -0.5781
k 118 99 -0.4844
k 118 100 -0.4844
k 118 101 -0.4844
k 118 102 0.4844
k 118 103 -0.4844
k 118 111 -0.4844
k 118 113 -0.4844
k 118 116 0.4844
k 118 117 -0.3281
k 118 118 0.7031
k 118 119 0.3906
k 118 120 0.3906
k 118 121 0.3906
k 118 122 0.1562
k 119 38 -0.1562
k 119 42 0.1562
k 119 44 -1.2969
k 119 46 -1.2969
k 119 47 -1.1250
k 119 58 0.1562
k 119 59 0.1562
k 119 63 0.3281
k 119 64 -0.1562
k 119 65 -1.4531
k 119 84 -1.7031
k 119 86 -0.7031
k 119 87 -0.4844
k 119 88 -1.6719
k 119 89 -2.0938
k 119 90 -0.1562
k 119 92 -1.4531
k 119 97 -0.2188
k 119 99 -0.3281
k 119 100 -0.3281
k 119 101 -0.3281
k 119 102 0.3281
k 119 103 -0.3281
k 119 111 -0.3281
k 119 113 -0.3281
k 119 116 0.3281
k 119 118 0.3906
k 119 119 0.3281
k 119 121 0.3906
k 120 38 -0.5781
k 120 41 -0.3281
k 120 43 -1.2969
k 120 45 -1.2969
k 120 47 0.3281
k 120 63 -0.1562
k 120 64 -0.5781
k 120 84 -1.3906
k 120 89 -1.4531
k 120 92 -1.9375
k 120 93 -0.3281
k 120 97 -0.4844
k 120 99 -1.4531
k 120 100 -1.4531
k 120 101 -1.4531
k 120 102 -0.3281
k 120 103 -1.4531
k 120 111 -1.4531
k 120 113 -1.4531
k 120 115 -0.1562
k 120 116 -0.3281
k 120 117 -0.4844
k 120 118 0.0625
k 120 119 0.0625
k 120 120 0.4844
k 120 121 0.1562
k 120 122 0.1562
k 120 125 -0.3281
k 121 38 -0.3281
k 121 42 0.3906
k 121 44 -2.4219
k 121 46 -2.4219
k 121 47 -2.3281
k 121 58 0.1562
k 121 59 0.1562
k 121 63 0.3281
k 121 64 -0.5469
k 121 65 -2.7344
k 121 84 -1.6094
k 121 86 -0.4844
k 121 87 -0.3281
k 121 88 -2.0938
k 121 89 -1.6094
k 121 90 -0.1562
k 121 92 -1.1250
k 121 95 -1.4531
k 121 97 -0.5781
k 121 99 -0.4844
k 121 100 -0.4844
k 121 101 -0.4844
k 121 102 0.4844
k 121 103 -0.4844
k 121 111 -0.4844
k 121 113 -0.4844
k 121 116 0.4844
k 121 117 -0.3281
k 121 118 0.7031
k 121 119 0.3906
k 121 120 0.3906
k 121 121 0.3906
k 121 122 0.1562
k 122 38 -0.1562
k 122 43 -0.5781
k 122 45 -0.5781
k 122 63 -0.1562
k 122 84 -1.2188
k 122 86 -1.1875
k 122 87 -0.8750
k 122 89 -2.3281
k 122 92 -1.7812
k 122 99 -0.4844
k 122 100 -0.4844
k 122 101 -0.4844
k 122 103 -0.4844
k 122 111 -0.4844
k 122 113 -0.4844
k 122 118 0.1562
k 122 120 0.1562
k 122 121 0.1562
k 122 122 0.1562
k 123 44 -0.4219
k 123 46 -0.4219
k 123 51 -0.1562
k 123 52 -0.8750
k 123 53 -0.1562
k 123 55 0.1562
k 123 56 -0.1562
k 123 57 -0.1562
k 123 67 -0.3281
k 123 71 -0.3281
k 123 74 -1.2969
k 123 79 -0.3281
k 123 81 -0.3281
k 123 84 0.1562
k 123 99 -0.1562
k 123 100 -0.1562
k 123 101 -0.1562
k 123 102 -0.3281
k 123 103 -0.1562
k 123 106 1.4531
k 123 111 -0.1562
k 123 113 -0.1562
k 123 116 -0.3281
